34164,3603.79,840,474,2.12262,R1
34164,4110.57,840,474,2.12262,R1
34164,3776.48,840,474,2.12262,R1
34164,3750.63,840,474,2.12262,R1
34164,4221.27,840,474,2.12262,R1
34165,3965.1,1985,1041,1.89169,R1
34166,4116.15,1984,1040,2.88609,R1
34167,4665.31,1984,1040,3.88609,R1
34168,4345.76,1983,1040,4.88149,R1
34169,3846.64,1980,1039,5.86919,R1
34170,4082.74,1977,1038,6.85837,R1
34171,4153.44,1965,1029,7.82087,R1
34172,4288.39,1948,1018,8.77567,R1
34173,3469.44,1918,1002,9.70959,R1
34174,3399.95,1858,967,10.6033,R1
34175,3665.26,1759,903,11.4684,R1
34176,4326.8,1548,789,12.2597,R1
34177,3961.54,1146,568,13.0,R1
34164,3955.41,840,474,2.12262,R1
34165,4671.79,1985,1041,1.89169,R1
34166,4298.81,1984,1040,2.88609,R1
34167,4451.03,1984,1040,3.88609,R1
34168,4453.32,1983,1040,4.88149,R1
34169,4342.36,1980,1039,5.86919,R1
34170,3721.63,1977,1038,6.85837,R1
34171,3730.19,1965,1029,7.82087,R1
34172,3703.18,1948,1018,8.77567,R1
34173,4480.72,1918,1002,9.70959,R1
34174,4144.65,1858,967,10.6033,R1
34175,4103.63,1759,903,11.4684,R1
34176,4192.3,1548,789,12.2597,R1
34177,3520.99,1146,568,13.0,R1
34164,3614.53,840,474,2.12262,R1
34165,3902.82,1985,1041,1.89169,R1
34166,4510.59,1984,1040,2.88609,R1
34167,3992.5,1984,1040,3.88609,R1
34168,4027.53,1983,1040,4.88149,R1
34169,3977.52,1980,1039,5.86919,R1
34170,5036.89,1977,1038,6.85837,R1
34171,4047.91,1965,1029,7.82087,R1
34172,3786.81,1948,1018,8.77567,R1
34173,3864.11,1918,1002,9.70959,R1
34174,4187.97,1858,967,10.6033,R1
34175,3730.39,1759,903,11.4684,R1
34176,4207.06,1548,789,12.2597,R1
34177,3954.14,1146,568,13.0,R1
34164,3587.5,840,474,2.12262,R1
34165,4063.54,1985,1041,1.89169,R1
34166,3545.33,1984,1040,2.88609,R1
34167,4234.79,1984,1040,3.88609,R1
34168,3931.79,1983,1040,4.88149,R1
34169,4458.43,1980,1039,5.86919,R1
34170,4260.42,1977,1038,6.85837,R1
34171,3901.28,1965,1029,7.82087,R1
34172,4362.47,1948,1018,8.77567,R1
34173,4834.62,1918,1002,9.70959,R1
34174,4581.09,1858,967,10.6033,R1
34175,4149.02,1759,903,11.4684,R1
34176,3548.18,1548,789,12.2597,R1
34177,4332.43,1146,568,13.0,R1
34164,3635.35,840,474,2.12262,R1
34165,4235.13,1985,1041,1.89169,R1
34166,3930.9,1984,1040,2.88609,R1
34167,4627.16,1984,1040,3.88609,R1
34168,3907.67,1983,1040,4.88149,R1
34169,3246.66,1980,1039,5.86919,R1
34170,3920.2,1977,1038,6.85837,R1
34171,4005.29,1965,1029,7.82087,R1
34172,3781.29,1948,1018,8.77567,R1
34173,3963.59,1918,1002,9.70959,R1
34174,4266.81,1858,967,10.6033,R1
34175,4179.43,1759,903,11.4684,R1
34176,3614.98,1548,789,12.2597,R1
34177,3286.35,1146,568,13.0,R1
34164,602.55,840,474,2.12262,R1
34165,604.905,593,321,2.17875,R1
34166,701.108,590,320,3.15593,R1
34167,748.539,590,320,4.15593,R1
34168,633.939,590,320,5.15593,R1
34169,727.445,588,320,6.12925,R1
34170,759.969,586,319,7.1058,R1
34171,798.434,580,314,8.04483,R1
34172,638.044,575,311,9.00174,R1
34173,653.719,565,305,9.93097,R1
34174,744.502,540,292,10.7889,R1
34175,612.944,500,265,11.612,R1
34176,639.311,417,220,12.3357,R1
34177,640.083,277,143,13.0,R1
34164,726.857,840,474,2.12262,R1
34165,770.336,746,418,2.10188,R1
34166,750.752,745,417,3.08725,R1
34167,640.417,739,417,4.0866,R1
34168,585.113,624,363,5.08013,R1
34169,600.312,590,350,6.0661,R1
34170,735.763,584,350,7.05308,R1
34171,611.881,580,346,8.01207,R1
34172,669.697,572,340,8.94231,R1
34173,688.87,561,336,9.86275,R1
34174,794.311,544,322,10.7647,R1
34175,720.906,510,298,11.6157,R1
34176,717.609,427,258,12.3466,R1
34177,637.872,279,168,13.0,R1
34164,630.589,840,474,2.12262,R1
34165,630.618,622,353,2.11897,R1
34166,794.332,617,353,3.11507,R1
34167,663.467,617,353,4.11507,R1
34168,723.738,616,353,5.10065,R1
34169,733.814,616,353,6.10065,R1
34170,755.672,616,353,7.10065,R1
34171,750.654,608,347,8.02303,R1
34172,716.896,605,345,8.99835,R1
34164,345.12,840,474,2.12262,R1
34164,835.639,840,474,2.12262,R1
34165,816.347,824,463,2.10801,R1
34166,931.895,807,462,3.09913,R1
34167,944.564,807,462,4.09913,R1
34168,909.051,806,462,5.08809,R1
34169,959.318,804,462,6.06841,R1
34170,1064.65,802,461,7.05112,R1
34171,858.457,798,457,8.0213,R1
34172,908.013,791,453,8.97724,R1
34173,904.402,778,449,9.91003,R1
34174,861.571,745,428,10.7732,R1
34175,966.524,701,399,11.6334,R1
34164,645.801,840,474,2.12262,R1
34165,743.222,636,359,2.09591,R1
34166,630.123,635,358,3.07874,R1
34167,755.493,625,358,4.0688,R1
34168,750.919,625,358,5.0688,R1
34169,804.484,623,357,6.04334,R1
34170,770.952,623,357,7.04334,R1
34171,749.342,622,356,8.03376,R1
34172,637.887,616,351,8.98539,R1
34173,628.87,600,344,9.87833,R1
34164,718.492,840,474,2.12262,R1
34165,852.417,659,368,2.08042,R1
34166,662.283,658,367,3.06383,R1
34167,574.312,649,367,4.06163,R1
34164,646.069,840,474,2.12262,R1
34165,584.704,687,377,2.05531,R1
34164,633.836,840,474,2.12262,R1
34165,806.924,607,340,2.07414,R1
34166,594.927,607,340,3.07414,R1
34164,678.036,840,474,2.12262,R1
34165,714.297,666,386,2.04204,R1
34166,664.09,666,386,3.04204,R1
34167,744.523,656,386,4.03963,R1
34168,734.451,656,386,5.03963,R1
34169,805.294,656,386,6.03963,R1
34170,624.908,655,386,7.02901,R1
34171,626.489,624,372,8.0016,R1
34172,745.705,613,367,8.92985,R1
34173,653.621,605,364,9.87603,R1
34174,629.074,586,354,10.7747,R1
34175,704.577,550,332,11.6291,R1
34176,674.002,459,276,12.3573,R1
34177,712.698,295,181,13.0,R1
34164,880.828,840,474,2.12262,R1
34165,824.389,889,488,2.15861,R1
34166,910.093,808,452,3.1646,R1
34167,876.472,808,452,4.1646,R1
34168,958.7,807,452,5.15366,R1
34169,947.851,805,451,6.13416,R1
34170,900.254,804,451,7.12562,R1
34171,961.794,799,448,8.08886,R1
34172,936.668,787,441,9.01398,R1
34173,808.232,771,433,9.93126,R1
34174,887.089,732,410,10.7678,R1
34175,1018.32,679,377,11.5935,R1
34176,855.22,576,321,12.342,R1
34177,930.43,379,205,13.0,R1
34164,945.906,840,474,2.12262,R1
34165,896.025,944,526,2.09216,R1
34166,1019.09,894,512,3.0604,R1
34167,780.51,894,512,4.0604,R1
34168,911.918,786,460,5.09033,R1
34169,998.479,784,459,6.07015,R1
34170,956.886,783,458,7.0613,R1
34171,1056.52,777,454,8.01544,R1
34172,798.309,769,447,8.96359,R1
34173,929.908,753,438,9.87782,R1
34174,915.791,727,419,10.7662,R1
34175,1015.89,677,384,11.6012,R1
34176,918.753,575,326,12.353,R1
34177,1019.84,372,204,13.0,R1
34164,893.393,840,474,2.12262,R1
34165,875.824,854,475,2.11475,R1
34166,869.517,851,474,3.09283,R1
34167,815.103,850,474,4.09412,R1
34168,861.104,810,463,5.08765,R1
34169,907.618,809,462,6.07787,R1
34170,729.521,807,462,7.06072,R1
34171,940.253,739,427,8.02977,R1
34172,904.746,732,422,8.98224,R1
34173,891.174,718,413,9.9039,R1
34174,760.929,692,397,10.7876,R1
34175,1013.04,648,363,11.6373,R1
34176,1032.46,541,300,12.3678,R1
34177,784.775,342,189,13.0,R1
