43010	43043
51321	51802
51813	51920
51981	52110
52672	52889
257281	257357
257470	257692
257820	258026
260504	260568
261533	261594
262288	262454
262967	264821
296174	296561
296659	297048
301710	301895
302030	302148
305295	305315
306030	306117
306431	306525
307004	307133
307380	307586
310122	310342
315718	315903
316314	316405
328390	328533
330277	330396
332682	332784
334134	334198
338469	338580
349675	349705
363592	363665
366214	366298
376262	376385
378303	378351
983380	983444
984633	984793
985120	985266
985551	987564
1005330	1005516
1006045	1006126
1009056	1009224
1010238	1010303
1013251	1013270
1015754	1016111
1018450	1018509
1024574	1024622
1024922	1025044
1030977	1031248
1052890	1053104
1054843	1054937
1065039	1065127
1065389	1065697
1067591	1067723
1073802	1073914
1074418	1074947
1075665	1076012
1076746	1076888
1077819	1078029
1078668	1078764
1079172	1079340
1083472	1083773
1084487	1084634
1084885	1084982
1085884	1087224
1094626	1094763
1095400	1095928
1097140	1097432
1097820	1098261
1098341	1098447
1113812	1113999
1116862	1117215
1117488	1117590
1119989	1120279
1123285	1123503
1123631	1123750
1123941	1124028
1125045	1125133
1125225	1125335
1125576	1125668
1125783	1125998
1126500	1126658
1127021	1127134
1127348	1127485
1127771	1127950
1128184	1128537
1128688	1128831
1129819	1129897
1130423	1130511
1130688	1130804
1131260	1131397
1131717	1131829
1132117	1132585
1138583	1139085
1139556	1139805
1140291	1140581
1141435	1141738
1141796	1142143
1142233	1142410
1142493	1142617
1142829	1142930
1143871	1144157
1144355	1144387
1185305	1185395
1186445	1186510
1192331	1192428
1194434	1194643
1195604	1195755
1196485	1196647
1197514	1201490
1201529	1202037
1226282	1226482
1233301	1233343
1235910	1236247
1950507	1950567
1955771	1955846
1967774	1967905
1969120	1969274
1970348	1970403
1970875	1971016
1972099	1972198
1972931	1972980
1973501	1973590
1974275	1974453
1976536	1976698
1989074	1989260
1989829	1989866
1991587	1991660
1993400	1993508
1994570	1994682
1995629	1995794
1996012	1996137
1996355	1996453
1997213	1997298
2007736	2007769
2010225	2010324
2020347	2020356
2035189	2035369
2039946	2040220
2041012	2041197
2041816	2041929
2042738	2042794
2043474	2043576
2044079	2044190
2044514	2044591
2045957	2046096
2046385	2046488
2047559	2047730
2049523	2049666
2050213	2050940
2052092	2052533
2071054	2071927
2077045	2077060
2078759	2078807
2086520	2086565
2091865	2092353
2092684	2092791
2092910	2093095
2093712	2093972
2094061	2094246
2095219	2095326
2095612	2095631
2140126	2140371
2144060	2144204
2145303	2145482
2148173	2148333
2149444	2149573
2150176	2150308
2151003	2151094
2151367	2151472
2152176	2152323
2201552	2201719
2202257	2202325
2202618	2202786
2203391	2203548
2599858	2600879
2602805	2603203
2651882	2651912
2652452	2652604
2653573	2653669
2654475	2654617
2658667	2658764
2660549	2660597
2661360	2661499
2670136	2670196
2677185	2677758
2681803	2681961
2683015	2683109
2684300	2684394
2685184	2685367
2686643	2686786
2687001	2687134
2687774	2687982
2690554	2690660
2692220	2692300
2692306	2692394
2692662	2692810
2693641	2693815
2693984	2694129
2694523	2694603
2700926	2701014
2701756	2701822
2702074	2702175
2703274	2703369
2706533	2706639
2707390	2707459
2708007	2708186
2708555	2708662
2709845	2709907
2710077	2710229
2711084	2711302
2712250	2712360
2712577	2712652
2713701	2713885
2774619	2774698
2776143	2776244
2776716	2776787
2776890	2776951
2778769	2778935
2780156	2780356
2831592	2831934
2833095	2833256
2833526	2833672
2834086	2834213
2834375	2834574
2835469	2836794
3162192	3162371
3162884	3162967
3164614	3164676
3166728	3166850
3168049	3168155
3169650	3169744
3169951	3170240
3524778	3524811
3526423	3526719
3526850	3527164
3527514	3527612
3528429	3528630
3529009	3529270
3542439	3542661
3544698	3544773
3545297	3545399
3546045	3546190
3546410	3546533
3547785	3547865
3548187	3548362
3548608	3549034
3549714	3550122
3550839	3550945
3551122	3551248
3551575	3551788
3552374	3552529
3552909	3553079
3554711	3554887
3555563	3555707
3555823	3556344
3599601	3600369
3601913	3602016
3602892	3602964
3603271	3603353
3603623	3603826
3604163	3604218
3605026	3605104
3605488	3605940
3811294	3811344
3818225	3819080
3825043	3825236
3826713	3826983
3827947	3830918
4113200	4113459
4114417	4114523
4115026	4115125
4115242	4115338
4116869	4117007
4117344	4117501
4118052	4118113
4119733	4119868
4121069	4121265
4122921	4123002
4123118	4123235
4123735	4123846
4124038	4124143
4124759	4124899
4127861	4127974
4128621	4128693
4130736	4130948
4131471	4131541
4131836	4131997
4207463	4207722
4212543	4212709
4300399	4300852
4302594	4302740
4303191	4303298
4304379	4304528
4305689	4305856
4306044	4306128
4313728	4313802
4314259	4314396
4314709	4314859
4315523	4315623
4316545	4316739
4317036	4317163
4320776	4320964
4323309	4323577
4324523	4324656
4325025	4325176
4325511	4325646
4325756	4325856
4326348	4326531
4331299	4335075
4643252	4643709
4643845	4643938
4646610	4647117
4648373	4648593
4649384	4649499
4651892	4652042
4654594	4654863
4656711	4656896
4660362	4660451
4660564	4660827
4661459	4661728
4661829	4661948
4662463	4662606
4663257	4663376
4664067	4664180
4664777	4664907
4665888	4666020
4669005	4669156
4670087	4670183
4670931	4671092
4672556	4672719
4673218	4674752
4674773	4675710
4675798	4675820
4675841	4677073
4677094	4677986
5330790	5330811
5331547	5331701
5351838	5351860
5352740	5352787
5367294	5368326
5383602	5383717
5424322	5424379
5424384	5424599
5427588	5427710
6461584	6461708
6461817	6461960
6462387	6462530
6462911	6463092
6463872	6463955
6464125	6464371
6465266	6465552
6465716	6465863
6466007	6468641
6539876	6539911
6540151	6540201
6541952	6542000
6543150	6543206
6543315	6543475
6544925	6545545
6568014	6568116
6568523	6568596
6569583	6569679
6569906	6570009
6570621	6570785
6571016	6571108
6571229	6571309
6572313	6572400
6572878	6573018
6573800	6573891
6574638	6574835
6575338	6575445
6575949	6576175
6577288	6577451
6577531	6577670
6577761	6577909
6578165	6578327
6578586	6578720
6579471	6579611
6579770	6579938
6580408	6580574
6580786	6580938
6581461	6581577
6582231	6582434
6582525	6582709
6582888	6583035
6583402	6583539
6584149	6584280
6584539	6584669
6585032	6585242
6585396	6585542
6585921	6586119
6586751	6586956
6587433	6587494
6588398	6588606
6588911	6589183
6589970	6590112
6590922	6591005
6591322	6591522
6591862	6591993
6592556	6592646
6593123	6593310
6594215	6594283
6594877	6594971
6595613	6595719
6596402	6596497
6596635	6596765
6598411	6598564
6599407	6599621
6900986	6901053
6903115	6903241
6903531	6903700
6903788	6903863
6904568	6904741
6905133	6905258
6906619	6906726
6908772	6908898
6909421	6909645
6909723	6909844
6910007	6910133
6910215	6910346
6910486	6910659
6911060	6912493
6940462	6940611
6941455	6941517
6942268	6942381
6943346	6943410
6943754	6943883
6945300	6945423
6945826	6945905
6946169	6946415
6947071	6947283
6948062	6948252
6949092	6949170
6949846	6950012
6950215	6950274
6950626	6950752
6950875	6952037
7032335	7032371
7032976	7033068
7033781	7033896
7036189	7036293
7036388	7036550
7037341	7037528
7037774	7037935
7039930	7040040
7040584	7040691
7041570	7041681
7042674	7046726
7046748	7046882
7048191	7048230
7048335	7048341
7049500	7049545
7052862	7052962
7055409	7055448
7055896	7056008
7056613	7056766
7057349	7057483
7057871	7057976
7058453	7058550
7059786	7059911
7060622	7060705
7061664	7061747
7061925	7062049
7062546	7062711
7064927	7065081
7065852	7066005
7066505	7066699
7067439	7067604
7067991	7068176
7069652	7073146
7282346	7282545
7283914	7284024
7285650	7285767
7286955	7287070
7289663	7289853
7294672	7294709
7296095	7296201
7296899	7297031
7297868	7297995
7298886	7299074
7299451	7301055
7377935	7378014
7379674	7379943
7384456	7384854
7385301	7385383
7385666	7385774
7385993	7386127
7386442	7386549
7387463	7387522
7388349	7388392
7388499	7388640
7388934	7388996
7389360	7389438
7390557	7390600
7391090	7391226
7391297	7391408
7391630	7391792
7392987	7393223
7466070	7466156
7466888	7466955
7467605	7467683
7468741	7468870
7469477	7469557
7469667	7469711
7470249	7470325
7471579	7471680
7471900	7471967
7472090	7472189
7627230	7627304
7627403	7627538
7627657	7627822
7628384	7628540
7639786	7640708
7642030	7642129
7644289	7644777
7762275	7762616
7762656	7762845
7763588	7763808
7765453	7765590
7765819	7765935
7766728	7766841
7767245	7767391
7768247	7768484
8251996	8252054
8272730	8272936
8280509	8280557
8288191	8288289
8300299	8300423
8315103	8315198
8334112	8334147
8336493	8336526
8350829	8350966
8355492	8355525
8371872	8371954
8396117	8396133
8400062	8400102
8431499	8431610
8461621	8461742
8467148	8467202
8483085	8483479
8493686	8493822
8502513	8502572
8517933	8518266
8565368	8565465
8567693	8567719
8584537	8584639
8601164	8601192
8602922	8602944
8607497	8607657
8615387	8615576
8618170	8618246
8619972	8620166
8622339	8622509
8623965	8624144
8625604	8625804
8627916	8628089
8628433	8628609
8629483	8629659
8629817	8629990
8631156	8631338
8631946	8632128
8632641	8632823
8634029	8634208
8634601	8634807
8635423	8635608
8636285	8636461
8637418	8637594
8638061	8638243
8638831	8639031
8639291	8639483
8639628	8639728
8640058	8640115
8640268	8640430
8751367	8751372
8755006	8755177
8763818	8763885
8763924	8764039
8766693	8766721
8771526	8772473
8775930	8776480
8776950	8777043
8779148	8780054
8781273	8781401
8782661	8782804
8790651	8790925
8793693	8793751
9022292	9022522
9028688	9028736
9030712	9030914
9032072	9036755
9117233	9117341
9119565	9119672
9126804	9126898
9131297	9131410
9137640	9137750
9269153	9269309
9270097	9270195
9271537	9271569
9271804	9272025
9273573	9273716
9274355	9274489
9275019	9275177
9277229	9277425
9279122	9279182
9279847	9279955
9280805	9280836
9281984	9282099
9282629	9282719
9282816	9282892
9283121	9283157
9283560	9283657
9284526	9284651
9286064	9286221
9286583	9286718
9287266	9287415
9287860	9287950
9288261	9288394
9289207	9289341
9289653	9289775
9290207	9290385
9291047	9291182
9291942	9292573
9292595	9293189
9667227	9667364
9669709	9669827
9671020	9671161
9673870	9674516
9679770	9679811
9911175	9911250
9918565	9918824
9946375	9946536
9947202	9947285
9956703	9956844
9959680	9959819
9966270	9966363
9967435	9967528
9971055	9971125
9971658	9971727
9972547	9974743
9975804	9975940
9976417	9976637
9977650	9977749
9979673	9979788
9981058	9981176
9982695	9985971
9992989	9993048
9997281	9997447
9999028	9999111
9999653	9999737
10001362	10002164
10004467	10004593
10007166	10007344
10007432	10007689
10008378	10008453
10009693	10009850
10012474	10012643
10013516	10013686
10015674	10015892
10016553	10016690
10018154	10018212
10020405	10020564
10022269	10022361
10023203	10023310
10025629	10025850
10027001	10027141
10028259	10028352
10029424	10029521
10029602	10029748
10030348	10030632
10031171	10031416
10056987	10056995
10059027	10060645
10061303	10061362
10061669	10061798
10061901	10062052
10062159	10062218
10062677	10062810
10063154	10063277
10063958	10064121
10065433	10065518
10067892	10067973
10068799	10068946
10069569	10069667
10083940	10084048
10091832	10091863
10094306	10094368
10094807	10094825
10095475	10095559
10096488	10096768
10097424	10097684
10098183	10098440
10099723	10099977
10100670	10100927
10101377	10101631
10102515	10102769
10102969	10103229
10109941	10109963
10120476	10120604
10122093	10122160
10123154	10123288
10123716	10123898
10125469	10125646
10126968	10127327
10136661	10136668
10143240	10143732
10149167	10149220
10169889	10169921
10170595	10170721
10171191	10171278
10171719	10171830
10174407	10174565
10174908	10175060
10176170	10176277
10177931	10178098
10179133	10179283
10179935	10180113
11494414	11494579
11496992	11497058
11499394	11499556
11511675	11511803
11521322	11521438
11521709	11521855
11522046	11522141
11524269	11524514
11527086	11527148
11528066	11528128
11529720	11529794
11531087	11531170
11531337	11531393
11533769	11533822
11535315	11535368
11535477	11535530
11536099	11536152
11539152	11539205
11540707	11540760
11540846	11540890
11541320	11541373
11541839	11541883
11546644	11546697
11546778	11546822
11550083	11550136
11551065	11551172
11553782	11553835
11556761	11556795
11558917	11558961
11559235	11559279
11562263	11562316
11563145	11563190
11564646	11564699
11565627	11565734
11566519	11566608
11566869	11566922
11572552	11572659
11573137	11573244
11574303	11574356
11577807	11577860
11578572	11578679
11579260	11579313
11580223	11580276
11580384	11580427
11586730	11586783
11587238	11587345
11587535	11587588
11587874	11587927
11588440	11588493
11593578	11593631
11594001	11594108
11594190	11594243
11596163	11596172
11596881	11596934
11597169	11597222
11598029	11598278
11599910	11600022
11600811	11600879
11601544	11601777
11603459	11605204
11779243	11779373
11783079	11783225
11785574	11785729
11788812	11789031
11795599	11795705
11797477	11800242
11963198	11963261
11963284	11963530
11966676	11966800
11969706	11969814
11979119	11979239
11980148	11980187
11981248	11981351
11982225	11983997
12010451	12010456
12010505	12010512
12011865	12011933
12013866	12014293
12015611	12015681
12016266	12016753
12020803	12020908
12022293	12022525
12031472	12031547
12038111	12038203
12040165	12040244
12046357	12046423
12048531	12048593
12051181	12051268
12052776	12053006
12055146	12055200
12056524	12056683
12057263	12057375
12057955	12058002
12059019	12059147
12060092	12060410
12061531	12061611
12069140	12070387
12070408	12070968
12074059	12074535
12075386	12075540
12076258	12076331
12109572	12109805
12110514	12110831
12111056	12111328
12111950	12112189
12112631	12112894
12115402	12116384
12145021	12145116
12146126	12146311
12148643	12148766
12148939	12149014
12149893	12150074
12150423	12150550
12150908	12151151
12151922	12152088
12152701	12152778
12153788	12153979
12154127	12154198
12155048	12156225
12156823	12157152
12157210	12157354
12157812	12157967
12160097	12160283
12161106	12161211
12162422	12162578
12163128	12163264
12164716	12164861
12165231	12165383
12166408	12166547
12167556	12167676
12167899	12168515
12174194	12174211
12176263	12176342
12177550	12177654
12177954	12178125
12179056	12179133
12180111	12180230
12180319	12180510
12180716	12180910
12181244	12181333
12181426	12181605
12182216	12182297
12182671	12182780
12183596	12183709
12184070	12184158
12184612	12184703
12184793	12184901
12184922	12185325
12185351	12185805
12185857	12185941
12226034	12226097
12248470	12248530
12273237	12273577
12334588	12334741
12334886	12334899
12344364	12344381
12346981	12347176
12347405	12347541
12347922	12348016
12348707	12348857
12349687	12349866
12350725	12350823
12351338	12351485
12351891	12352007
12352783	12352898
12353163	12353249
12354157	12354254
12354408	12354466
12355092	12355235
12356316	12356377
12356483	12356569
12359359	12359390
12366281	12366434
12407391	12407471
12412657	12412680
12482988	12483039
12484456	12484613
12489944	12490040
12492057	12492122
12492194	12492244
12500385	12500796
12504926	12504969
12514147	12514221
12527018	12527140
12541249	12541576
12546442	12546458
12547603	12547735
12549946	12550196
12558828	12559004
12560469	12560588
12569004	12571199
12806253	12806362
12806485	12806578
12812492	12812581
12827595	12827705
12838905	12838934
12841442	12841492
12843595	12843612
12850984	12851066
12851644	12851746
12862477	12862663
12892074	12892082
12892207	12892258
12896328	12896415
12904639	12904800
12913807	12914003
12916317	12916364
12917827	12917908
12920328	12920415
12920980	12921122
12921578	12921673
12922330	12922399
12927650	12927735
12928754	12928803
12930700	12930772
13688355	13688408
13702160	13702281
13702732	13702798
13703984	13704121
13704575	13704691
13705413	13705559
13706100	13707208
13801730	13801842
13803627	13803811
13804210	13804391
13804503	13804662
13805744	13807670
13868509	13868799
13882173	13882353
13885054	13885083
13887556	13887699
13894966	13895062
13895405	13895477
13899274	13899334
13899825	13899962
13900243	13900307
13900749	13900859
13900958	13901038
13901334	13901522
13901760	13901897
13903175	13903365
13905179	13905345
13905851	13905976
13906145	13906243
13907748	13907911
13908148	13908336
13908474	13908611
13909542	13909774
13910535	13910841
13911011	13911113
13912024	13913939
13916080	13916150
13921339	13921408
13923510	13923603
13924122	13924263
13926197	13926336
13929049	13929176
13933302	13933499
13936000	13936089
13936473	13936713
13938169	13938308
13939409	13939525
13940288	13940485
13943671	13943876
13944632	13944808
13947225	13947447
13949125	13949346
13950718	13950922
13953125	13953223
13954175	13954399
13956767	13956944
13958232	13958363
13958970	13959109
13960048	13960185
13960456	13960643
13961594	13961684
13962274	13962479
13962907	13962955
13963450	13963691
13964110	13964234
13964854	13964952
13965941	13966130
13967858	13967952
13968859	13968891
13970057	13970162
13970252	13970326
13970800	13970969
13971894	13972071
13973112	13973227
13973884	13973974
13974351	13974474
13975188	13975317
13976220	13976340
13976505	13976567
13976679	13976785
13977767	13977908
13978476	13978610
13979786	13979889
13979977	13980069
13980399	13980648
13981513	13982948
14008743	14008772
14011329	14011413
14012152	14012208
14013421	14013623
14015117	14015231
14016950	14018668
14020133	14021859
14022872	14023004
14023679	14023765
14024137	14024301
14025471	14025580
14026929	14027081
14071885	14072209
14077727	14077833
14077963	14078116
14081649	14081694
14095883	14095969
14107845	14107973
14109034	14109476
14110054	14110154
14111902	14112536
14115186	14115301
14116091	14116262
14116452	14116575
14117392	14117604
14118392	14118571
14123202	14123269
14229916	14230013
14230701	14230884
14233229	14233436
14242462	14242532
14264641	14264732
14269179	14269271
14279985	14280125
14280137	14280221
14285888	14286022
14286292	14286399
14287060	14287236
14288186	14288998
14302087	14302110
14312540	14312769
14316746	14316935
14319910	14320134
14321096	14321170
14321851	14321976
14322738	14322881
14323890	14323979
14324085	14324182
14325567	14325627
14327554	14327607
14330482	14330628
14336847	14336981
14339035	14339175
14339704	14339862
14341462	14341608
14344317	14344412
14354107	14354202
14356097	14356201
14358754	14358849
14361059	14361133
14361757	14361807
14380424	14380493
14380727	14380936
14385577	14385992
14386082	14386219
14387794	14387959
14389987	14391330
14449189	14449499
14450693	14450737
14450758	14450816
14451278	14451403
14452806	14452925
14453936	14454044
14455227	14455473
14455945	14456044
14457025	14457212
14457694	14457747
14458540	14458570
14458953	14459042
14459575	14459616
14459706	14459779
14460090	14460174
14460950	14461059
14462169	14462232
14464294	14464417
14465806	14465888
14466009	14467153
14606229	14606262
14611013	14611175
14613193	14613251
14618259	14618404
14623142	14623198
14625443	14625476
14625905	14626037
14626488	14626534
14628575	14628759
14630007	14630059
14630395	14630535
14630797	14630878
14633039	14633191
14634054	14634224
14634458	14634589
14635878	14635942
14638590	14638653
14638983	14639076
14640447	14640712
14645357	14645494
14646948	14647306
14652176	14652263
14656450	14656623
14659446	14659736
14659973	14660150
14661893	14662061
14664345	14664492
14669027	14669216
14670417	14670737
14671317	14671588
14673291	14673422
14673672	14673839
14676433	14676732
14677193	14677313
14681296	14681331
14683297	14683404
14687162	14687349
14688112	14688277
14688801	14688840
14689508	14689701
14690444	14690493
14694720	14694809
14776314	14776475
14778366	14778656
14779415	14779680
14782857	14782976
14784222	14784373
14784729	14784806
14784950	14785111
14785544	14785744
14785826	14785914
14786553	14786596
14786687	14786722
14788142	14788287
14788692	14788786
14789563	14789696
14790605	14790652
14792603	14792683
14793311	14793402
14794229	14794335
14794663	14794760
14794850	14794981
14797848	14797933
14798847	14798930
14799940	14800097
14800802	14800905
14802422	14802577
14802827	14802922
14803330	14803448
14804279	14804361
14804454	14804563
14804668	14804766
14805197	14805287
14805554	14805659
14806023	14806180
14806446	14806508
14812687	14812957
14845529	14845655
14853963	14854047
14856076	14856559
14857383	14857410
14862868	14862904
14873336	14875379
14875809	14876364
14876535	14877140
14879684	14879806
14887147	14887243
14887733	14887888
14889823	14889922
15088232	15088279
15091721	15091823
15093645	15093701
15095368	15097313
15415606	15415651
15417544	15417635
15420756	15420814
15421893	15422037
15422922	15423071
15424270	15424356
15425684	15425806
15425898	15426018
15429937	15430013
15430835	15430924
15431488	15431674
15432660	15432733
15433167	15433253
15434570	15434870
15437612	15437718
15447789	15447922
15454712	15454858
15454995	15455124
15455683	15455964
15457565	15458066
16190501	16190542
16191394	16191561
16200608	16200614
16209930	16209979
16211628	16211751
16212519	16212547
16251929	16252049
16253305	16253454
16254909	16254971
16255208	16255279
16256996	16257112
16259197	16259382
16260348	16260457
16261914	16262049
16262585	16262695
16263893	16263997
16264592	16264738
16266677	16266762
16266847	16267009
16267947	16268072
16268724	16268834
16278276	16278450
16286603	16286709
16295918	16296048
16296243	16296294
16533605	16533642
16535341	16535410
16539533	16539622
16545528	16545627
16546704	16546777
16547367	16547486
16557287	16557430
16557960	16558027
16560457	16560572
16563022	16563212
16567485	16567773
16568812	16569173
16594225	16594282
16597127	16597371
16597540	16597900
16606400	16607499
16610664	16610790
16615393	16615574
16616435	16616666
16618765	16619267
16653089	16653206
16656054	16656283
16658031	16658198
16658774	16658927
16659397	16659481
16659562	16659658
16660313	16660412
16661783	16661895
16661973	16662122
16664045	16664146
16664258	16664380
16664904	16665110
16665467	16665552
16674777	16674936
16676574	16676747
16676873	16677017
16677548	16677635
16677763	16677859
16678318	16678417
16679877	16679992
16681098	16681247
16682536	16682637
16682755	16682877
16685310	16685516
16686649	16686764
16688052	16688158
16688649	16688665
16688783	16688890
16688958	16689023
16697669	16697802
16700422	16701158
16707608	16710192
16743420	16743587
16744315	16744478
16744729	16744929
16747909	16748044
16749876	16749951
16750029	16750200
16750990	16751140
16752330	16752466
16752880	16753047
16755118	16755211
16756080	16756200
16756380	16757462
16761472	16761598
16761713	16761733
16761839	16761990
16763290	16763541
16764053	16764214
16764306	16764454
16765048	16765198
16765310	16765467
16765556	16765721
16766541	16766666
16767003	16767221
16768141	16768358
16768496	16768593
16768877	16769001
16769110	16769211
16769846	16769965
16770051	16770240
16771950	16772043
16772151	16772336
16772866	16773010
16773129	16773351
16773430	16773596
16773974	16774133
16775253	16775302
16776144	16776230
16777261	16777473
16777563	16777705
16778103	16778241
16778708	16778843
16779305	16779491
16779813	16779901
16780951	16781048
16781807	16781966
16783359	16783520
16784405	16784738
16788256	16788295
16788646	16788666
16788843	16788994
16790754	16791005
16791142	16791303
16791416	16791564
16791985	16792135
16792240	16792397
16792478	16792643
16793132	16793257
16794249	16794467
16794878	16795095
16795213	16795310
16795737	16795861
16796458	16796559
16797155	16797274
16797365	16797554
16798811	16798994
16799200	16799338
16800121	16800349
16800433	16800608
16800817	16801137
16801418	16801465
16801625	16801711
16802266	16802478
16802571	16802713
16804054	16804192
16804918	16805053
16806269	16806455
16807709	16807800
16808275	16808372
16808452	16808611
16809687	16809848
16809970	16810207
16810826	16810967
16811915	16812123
16812771	16812942
16813487	16813584
16814259	16814420
16815385	16815548
16818837	16818888
16832765	16832905
16874635	16874967
16875718	16875834
16875963	16876041
16879134	16879320
16879804	16879927
16880258	16880341
16881113	16882748
16992041	16992101
17011194	17011219
17011382	17011412
17011565	17011702
17012605	17012726
17013496	17013563
17018557	17018715
17020253	17020469
17022940	17023104
17023924	17024082
17028905	17028999
17029655	17029802
17029886	17029959
17032845	17032980
17033779	17033865
17038186	17038381
17039091	17039371
17042285	17042419
17044090	17044170
17047899	17048059
17052176	17052349
17052756	17052836
17055551	17057839
18694681	18694702
18696111	18696260
18731920	18732072
18738132	18738287
18738804	18738874
18740577	18740750
18740839	18741022
18743261	18743377
18744458	18744651
18745923	18746090
18747606	18747809
18748802	18749022
18749117	18749183
18759231	18759257
18780127	18780429
18793388	18793442
18800038	18800058
18800288	18800439
18802875	18803126
18805273	18805434
18806115	18806266
18808917	18809067
18809167	18809324
18809424	18809589
18810666	18810788
18812341	18812559
18814597	18814814
18814894	18814991
18819260	18819384
18819468	18819569
18819654	18819773
18820026	18820215
18820304	18820397
18820510	18820695
18825594	18825738
18827269	18827488
18828362	18828531
18829166	18829226
18829875	18830041
18830124	18830180
18831023	18831220
18832192	18832398
18833430	18833572
18834122	18834260
18835427	18835562
18836275	18836461
18836858	18836955
18837535	18837629
18837735	18837894
18839079	18839240
18842268	18842613
19048904	19049052
19051241	19051280
19052199	19052270
19052564	19052621
19053091	19053253
19053333	19053431
19053515	19053616
19054294	19054396
19054481	19054581
19055154	19055295
19056030	19056190
19056965	19057119
19057203	19057282
19060086	19060214
19060831	19060905
19065225	19065379
19130984	19131031
19135651	19135726
19136026	19136126
19137185	19137238
19139288	19139350
19140858	19141010
19142190	19142289
19145169	19145238
19145789	19145902
19146577	19146655
19148701	19149115
19149491	19149631
19151105	19151188
19152295	19152418
19152530	19152624
19153201	19153234
19154022	19154067
19154746	19154926
19156164	19156290
19157595	19157764
19159114	19159195
19160507	19160615
19162217	19162319
19163037	19163105
19165331	19165480
19166657	19166685
19167046	19167108
19218464	19218601
19219995	19220142
19220224	19220342
19220640	19220711
19220880	19220981
19221967	19222062
19226138	19226290
19229457	19229591
19232088	19232188
19232567	19232708
19334977	19335078
19336009	19336062
19338059	19338150
19340202	19340337
19341569	19341680
19342028	19342124
19342474	19342591
19343321	19343431
19347929	19348095
19350902	19350950
19783706	19783807
19784811	19784930
19790237	19790383
19791702	19791985
19792193	19792358
19793308	19793460
19794522	19794661
19795331	19795496
19795896	19796009
19796512	19796724
19797393	19797566
19798793	19798954
19799377	19799532
19801711	19801804
19802472	19802662
19803062	19803235
19804348	19804506
19804909	19805052
19806153	19806269
19807306	19807440
19807524	19807667
19811449	19811575
19811860	19812006
19814427	19814797
19835240	19835573
19838899	19839013
19839030	19839271
19839362	19839493
19839784	19839924
19840120	19840248
19840630	19840775
19840916	19841060
19841315	19841473
19841647	19841784
19841896	19842186
19843038	19843328
19843860	19844173
19844275	19844485
19844638	19844748
19844852	19845042
19845170	19845283
19845448	19845518
19845770	19845810
19845933	19846029
19846279	19846409
19846440	19846609
19848329	19848581
19850659	19850788
19851127	19851302
19851509	19851762
19851839	19851995
19852162	19852291
19852557	19852729
19852842	19852975
19853037	19853276
19898642	19898803
19898963	19899136
19899483	19899653
19901467	19901598
19903543	19903702
19904150	19904256
19904412	19904622
19905668	19905838
19910889	19911120
19911780	19911909
19913138	19913280
19913872	19914024
19914377	19914491
19916999	19917204
19917590	19917814
19918248	19918326
19918635	19918732
19918983	19919151
19919644	19919758
19920243	19920356
19920849	19921049
19921171	19921283
19921808	19921949
19922469	19922627
19923280	19923484
19923716	19923828
19924289	19924547
19925876	19926041
19926126	19926218
19926398	19926479
19926612	19926893
19927258	19927396
19927634	19927750
19927863	19927926
19928287	19928472
19928541	19928873
19929001	19929190
19929584	19929658
19929832	19929970
19930192	19930312
19930553	19930682
19930789	19930941
19931058	19931160
19931525	19931642
19931873	19931984
19932407	19932525
19932994	19933158
19933758	19933842
19936096	19936284
19936399	19936596
19936935	19937104
19937264	19937368
19937845	19937942
19938760	19938794
19938826	19938892
19939003	19939130
19939424	19939554
19939746	19939928
19940354	19940624
19940820	19940899
19941199	19941324
19943035	19943240
19943359	19943452
19944775	19944891
19944908	19945039
19945255	19945329
19946212	19946425
19946701	19946884
19947183	19947305
19947542	19948043
19948362	19948478
19950802	19951533
20308995	20309278
20311993	20312574
20313155	20313288
20314275	20314419
20319615	20319920
20322768	20322961
20329128	20329154
20331377	20331494
20333710	20334288
20334931	20335028
20340220	20340473
20341219	20341309
20344272	20344484
20347505	20347659
20350847	20350962
20353709	20353741
20356586	20356683
20364481	20364604
20366531	20366706
20372558	20372677
20373711	20373865
20375151	20375436
20377040	20377218
20379645	20379771
20379974	20380099
20380715	20380869
20381000	20381135
20381276	20382904
20387174	20387361
20389780	20389894
20390656	20390849
20392277	20392326
20392835	20392926
20393988	20394125
20395013	20395263
20396022	20396212
20397164	20397510
20399212	20399332
20399894	20400072
20402317	20402521
20402813	20402889
20403567	20403622
20404404	20404512
20405383	20405571
20406248	20406418
20406867	20406986
20407590	20407682
20408694	20412393
20602438	20602645
20602777	20602966
20603336	20604615
20614686	20615422
20620848	20620988
20621141	20621282
20622258	20622424
20622784	20622904
20623193	20623340
20623495	20623676
20624544	20624570
20625228	20625362
20625594	20625737
20626132	20626212
20626796	20626933
20627008	20627104
20628938	20628990
20634787	20634853
20635027	20635085
20635202	20635291
20635440	20635621
20635736	20636286
20644061	20644215
20644689	20644772
20645213	20645290
20645853	20645922
20646316	20646367
20646753	20646943
20647320	20647637
20717140	20717241
20719769	20719860
20720255	20720450
20724802	20724960
20726067	20726234
20727175	20727360
20730225	20730296
21101699	21101790
21102702	21102806
21104210	21104318
21105455	21105529
21111168	21111316
21111661	21111775
21155954	21156019
21156220	21156372
21156762	21156861
21158241	21158416
21159356	21159485
21159979	21160144
21170423	21170512
21170560	21170667
21170758	21170874
21171291	21171420
21171508	21171595
21172127	21172222
21172882	21173077
21173423	21173549
21173938	21174047
21174126	21174243
21174348	21174431
21174627	21174789
21174889	21175018
21175240	21175350
21175735	21176775
21182441	21182653
21183066	21183119
21184629	21184688
21185972	21186052
21186371	21186502
21186697	21186822
21186936	21187070
21344450	21344654
21344709	21344788
21344987	21345049
21345146	21345343
21345585	21345746
21349354	21349437
21349963	21350721
21468890	21468930
21469042	21469138
21469296	21469454
21469757	21470016
21471306	21471480
21472546	21473309
21475862	21475965
21476242	21476378
21478776	21478859
21568421	21568907
21569963	21570230
21570631	21570781
21577072	21577164
21585490	21585555
21586952	21587146
21587517	21587669
21588208	21588519
21609186	21609203
21611231	21611326
21617568	21617687
21619400	21619551
21621528	21621723
21622296	21622495
21623510	21623582
21624473	21624559
21628033	21628098
21631413	21631504
21632274	21632384
21632892	21632972
21633140	21633237
21633966	21634811
21636610	21636692
21637544	21637620
21637752	21637825
21638762	21638950
21639171	21639337
21639746	21639799
21639893	21639964
21640924	21641055
21641552	21641730
21809593	21809642
21818593	21818992
21829437	21829540
21832982	21833092
21843504	21843595
21850295	21850370
21855301	21855379
21860148	21860302
21861444	21861509
21867778	21867853
21868731	21868940
21874609	21874710
21876078	21876210
21877842	21877903
21878558	21878643
21880030	21880238
21881108	21881246
21881669	21881801
21883173	21883338
21884355	21884456
21886056	21886178
21888352	21888461
21890462	21890616
21891949	21892253
21894904	21895119
21896866	21897092
21898601	21898702
21900734	21902833
22003519	22003743
22004119	22004193
22004890	22004988
22005345	22005482
22005948	22006031
22006264	22006993
22113950	22114069
22114806	22114866
22116430	22116565
22117335	22117404
22119452	22119740
22120143	22120267
22121604	22121754
22122911	22123037
22125192	22125266
22125682	22125812
22125914	22126024
22126167	22126290
22126575	22126653
22126759	22126938
22128349	22128512
22129647	22130533
22142104	22142525
22142668	22142822
22142988	22143142
22143800	22143924
22144588	22145030
22471165	22471309
22471964	22472008
22472539	22472666
22474210	22474334
22474450	22474601
22475142	22475248
22475709	22475899
22476340	22476473
22476623	22476669
22478836	22478985
22486245	22486545
22487370	22487511
22488199	22488243
22488328	22488455
22488876	22489000
22489095	22489246
22489451	22489557
22489727	22489917
22490809	22490836
22491505	22491587
22492269	22493166
22495540	22497033
22497180	22497305
22501993	22502268
22557438	22557503
22563227	22563373
22564243	22564395
22565882	22565958
22566043	22566139
22566616	22568917
23282635	23282766
23283444	23283515
23285270	23285374
23287556	23287720
23290276	23290381
23290966	23291046
23291789	23291994
23292814	23292949
23293811	23293918
23294084	23294234
23295280	23295448
23295967	23296182
23297400	23297462
23301666	23301795
23303347	23303555
24339123	24339174
24339265	24339368
24349355	24349508
24349860	24350085
24351478	24351516
24355733	24359213
24764391	24764471
24766815	24766984
24767339	24767510
24873566	24873671
24887833	24887885
24901209	24901259
24904947	24905025
24916664	24916744
24918052	24918098
24920054	24920068
24925919	24926014
24927723	24927774
24931805	24931848
24932450	24932479
24933307	24933357
24937483	24937521
24940435	24940528
24942386	24942490
24942763	24942881
24944116	24944246
24944482	24944650
24945651	24945735
24946003	24946113
24946506	24946573
24948062	24948153
24948527	24948662
24948745	24948832
24949072	24949140
24949171	24949670
25047528	25047673
25048764	25048827
25049645	25049758
25051778	25051979
25053162	25053221
25069494	25069567
25090460	25090566
25095153	25095257
25096033	25098092
25103207	25103306
25106838	25107014
25107334	25107503
25108243	25108366
25109507	25109629
25110794	25110949
25117577	25117801
25120128	25120210
25120920	25121024
25123818	25123968
25125049	25125129
25126438	25126600
25127420	25127525
25128437	25128613
25129123	25130591
25176408	25176574
25177100	25177221
25177364	25177449
25177596	25177706
25178248	25178360
25178799	25178825
25178903	25179000
25179345	25179393
25187654	25187805
25208691	25208824
25229985	25230191
25236228	25236489
25238311	25238474
25307713	25307778
25312568	25312733
25315086	25315840
25317842	25317982
25319210	25319386
25321003	25321074
25321155	25321205
25321723	25321884
25321992	25322039
25322660	25322857
25322952	25323004
25323271	25323368
25325619	25325777
25328326	25328435
25338800	25338854
25339452	25339523
25339998	25340129
25340826	25340890
25341910	25342036
25342713	25342776
25343052	25343132
25343761	25343911
25344648	25344795
25346353	25346460
25349798	25349816
25351455	25351548
25352153	25352282
25353585	25353664
25354901	25354996
25365710	25365853
25366839	25366932
25368472	25368536
25372645	25372754
25374991	25375147
25376564	25376679
25378486	25379143
25381443	25381591
25383182	25383395
25384458	25385132
25447004	25447047
25447506	25447586
25447693	25447799
25449381	25450685
25451519	25451842
25454265	25454301
25457995	25458304
25458951	25459070
25958462	25959009
25960531	25960674
25961732	25961931
25962384	25963121
25967084	25967575
25969666	25969797
25970824	25970942
25971298	25971386
25971468	25971581
25971735	25971819
25972178	25972418
25973605	25973815
25992989	25993133
25994365	25994558
25996282	25997208
26025901	26026225
26026688	26026803
26027301	26027486
26027765	26027922
26028416	26028619
26029187	26029412
26108164	26108240
26109443	26109489
26111470	26111539
26113327	26113377
26114342	26114402
26114590	26114691
26114948	26115083
26115663	26115819
26116203	26116322
26116416	26116560
26117444	26117499
26117627	26117693
26117779	26118083
26119711	26119842
26119915	26120041
26120132	26121279
26121301	26121565
26121600	26121900
26123439	26123568
26123658	26123821
26124002	26124301
26163205	26163297
26168335	26168735
26170762	26171062
26172917	26173093
26174052	26174131
26174451	26174696
26175464	26176433
26713057	26713196
26715126	26715219
26716539	26716683
26717516	26717603
26720326	26720550
26721511	26722015
26724499	26724625
26724848	26725083
26766426	26766532
26768546	26768705
26769635	26769779
26771545	26771689
26774859	26774901
26775949	26776149
26777436	26777676
26781957	26782085
26782690	26782847
26784860	26785082
26788075	26788226
27502672	27503687
27503848	27503944
27511251	27511343
27516434	27516539
27517388	27517510
27518481	27518524
27608948	27609055
27612741	27612802
27617965	27618112
27619438	27619512
27622807	27622927
27625489	27625583
27675473	27675570
27677107	27677179
27678486	27678618
27679261	27679328
27680540	27680602
27681215	27681298
27683870	27684036
27684639	27684779
27685884	27686085
27686923	27687033
27687319	27687406
27687489	27687540
27687964	27688104
27688692	27688779
27689103	27689137
27689691	27689773
27690192	27690292
27690631	27690732
27691411	27691479
27691658	27694529
27694560	27695034
27695055	27695240
28528519	28528766
28529959	28530082
28530403	28530510
28530994	28531154
28531699	28532411
28533533	28533703
28534824	28535016
28538424	28539126
28592388	28592959
28594032	28594142
28594934	28595051
28595742	28595855
28597012	28597107
28598620	28598880
28600730	28602306
28650649	28650892
28651693	28651776
28652387	28652620
28655074	28655392
28657631	28657701
28658827	28658963
28661094	28661172
28661838	28661914
28664733	28664852
28667488	28667906
28668012	28668686
28865108	28865189
28868264	28868348
28870086	28870175
28870825	28870913
28872522	28872608
28875290	28875464
28875842	28875935
28878459	28878544
28878911	28878995
28880020	28880090
28880837	28881035
28881680	28881808
28906121	28906293
28908829	28909040
28909418	28909504
28909945	28910134
28911895	28912022
28915012	28915153
28915636	28915745
28916260	28916417
28917256	28917389
28918884	28919032
28921594	28921803
28923042	28923149
28924172	28924787
28935274	28935634
28939322	28939544
28940279	28940425
28941355	28941480
28941984	28942174
28942535	28942689
28943692	28943807
28946912	28947047
28948817	28949000
28949910	28950044
28951010	28951224
29126680	29126926
29127997	29128314
29129753	29129995
29135210	29135421
29138548	29141507
29253640	29253712
29255702	29255750
29257636	29257793
29260859	29260985
29263020	29263164
29266196	29266412
29271221	29271370
29272394	29272627
29274235	29274384
29274881	29275004
29275496	29275626
29275679	29275803
29276407	29276487
29281047	29281228
29282444	29282555
29285141	29285256
29285422	29285491
29287079	29287168
29287712	29287780
29287815	29287949
29290282	29290367
29290523	29290639
29291230	29291381
29291989	29292485
29316494	29316688
29318876	29318942
29320547	29321020
29326193	29326264
29327086	29327147
29330488	29330614
29331990	29332072
29334758	29334859
29335093	29335204
29336376	29336461
29338218	29338329
29338789	29338922
29428408	29428527
29429677	29429849
29430946	29431064
29431802	29431976
29458300	29458433
29459178	29459227
29459321	29459469
29463888	29464010
29465936	29466069
29467507	29467701
29470403	29470596
29470694	29470774
29471385	29471805
29474994	29475055
29475668	29475685
29479526	29479783
29480267	29480412
29481445	29481621
29482491	29482592
29486960	29487146
29489522	29491880
29511164	29511247
29513839	29514014
29514688	29514746
29516863	29517156
29518735	29518852
29524632	29524837
29528094	29528239
29529861	29530005
29533264	29533560
29535725	29535839
29538080	29538279
29539840	29539991
29540621	29540780
29540862	29540944
29541801	29542017
29542733	29542915
29543434	29543529
29543903	29544005
29546372	29546447
29547497	29548191
29548296	29548317
29548355	29548516
29773788	29774485
29774543	29774899
29775609	29775702
29779246	29779424
29779807	29779905
29780027	29780191
29780425	29780524
29781235	29781389
29781484	29781606
29783027	29783209
29786150	29788176
29847315	29847445
29848504	29848636
29848954	29849156
29849863	29849927
29850983	29851212
29860253	29860396
29860885	29861026
29900917	29900981
29902263	29902331
29902584	29902686
29903152	29903244
29906695	29906762
29907095	29907173
29907337	29907419
29909449	29909551
30042104	30042541
30048637	30048715
30049336	30049392
30059764	30059827
30064676	30064750
30065231	30065375
30066529	30066601
30069714	30069843
30071315	30071430
30078789	30078858
30083304	30083398
30083411	30083582
30086535	30086735
30092706	30092864
30093024	30093202
30094094	30095600
30098229	30098464
30100635	30100707
30100740	30100859
30106622	30106714
30107681	30107731
30175376	30175505
30176383	30176576
30176837	30177269
30179438	30179590
30179708	30179838
30180900	30180988
30181780	30181918
30183423	30183572
30184254	30184372
30184776	30184906
30185330	30185377
30186058	30186198
30186665	30187444
30187973	30188145
30188793	30188969
30189160	30189345
30191071	30191772
30194277	30194363
30195238	30195320
30195641	30195791
30196380	30196487
30196579	30196720
30197293	30197440
30197705	30197786
30197984	30198116
30198234	30198373
30199236	30199365
30200201	30200315
30200419	30200513
30200604	30200715
30201199	30201396
30201912	30202107
30246372	30246729
30251910	30252034
30252434	30252595
30253285	30253421
30253766	30253934
30254093	30254190
30254693	30254756
30255091	30255234
30256490	30256573
30258002	30258155
30262792	30264824
30973818	30973908
30974668	30976603
30978248	30979989
30980010	30980067
30980206	30980956
30981523	30981631
30982942	30983027
30984699	30984796
30986074	30986184
30989674	30989772
30990856	30990994
30992930	30993074
30993163	30993267
30994250	30994344
30994932	30995081
30995598	30995684
30996065	30996121
30997104	30997196
30997282	30997339
30997491	30997685
30998022	30998126
31001973	31002025
31002184	31002236
31003370	31003502
31005315	31005424
31008810	31009250
31036224	31036277
31039236	31039325
31039669	31039928
31045673	31045748
31047552	31047560
31048308	31048406
31049191	31049262
31049857	31050054
31108463	31108580
31111092	31111195
31113639	31113734
31114780	31114963
31119389	31119555
31200506	31200529
31203303	31203402
31204215	31204312
31204434	31204503
31206436	31206536
31206624	31206704
31207532	31207662
31208741	31208849
31209700	31209840
31209919	31210014
31210509	31210757
31214365	31214471
31217326	31217433
31218422	31218619
31220863	31220968
31222372	31222424
31222552	31222662
