279876	280145
282796	283358
284191	284313
284462	284581
292788	292958
295272	295389
297733	298323
299003	299031
299240	299493
299864	299957
300997	301212
303385	303506
305984	306096
308489	308536
311931	312028
314070	314193
317128	317303
317849	318064
325058	325117
326287	326441
327137	327272
327751	327819
439464	439540
439969	440164
440699	440781
441057	442140
442532	442731
442917	443045
443199	444631
446443	448518
489836	489929
492324	492577
495178	495290
495973	496146
496702	496870
497037	497150
497401	497529
498026	498087
498606	498706
500054	500231
500413	500578
500661	500740
502507	502659
502803	502938
503671	503816
504328	504474
504618	504770
505290	505432
505719	505830
506225	507536
555188	555322
555442	555564
555772	555869
556193	556268
556353	556424
556636	556853
556951	557081
557700	557845
558339	560014
597754	597804
598018	598086
598289	598361
598830	598973
601552	601685
602612	602802
603943	604067
604506	604669
614762	614947
620847	620940
622003	622197
623394	623547
624439	624488
624779	624839
626762	626863
627447	627491
627910	627984
628384	628496
633136	633243
633743	633913
634365	634445
635924	636063
636680	636765
637433	637525
639489	639613
641725	641775
806626	806768
807035	807115
807198	807321
807420	807494
807646	807933
809158	809343
809708	809785
810147	810198
810288	810399
810839	811121
876500	876736
877461	877642
877739	877950
878622	878800
879076	879181
879429	879542
879698	879836
880449	880644
880786	881044
881261	881368
881461	881814
882449	882631
883453	883585
884285	884924
889180	889297
889450	889498
889640	889666
889766	889918
890347	890392
890509	891072
1011397	1011510
1013232	1014062
1014603	1014755
1014847	1014963
1015256	1015321
1015398	1015508
1016226	1016322
1017065	1017251
1017334	1017462
1017735	1017907
1042179	1042295
1043843	1043973
1045210	1045402
1083023	1083429
1084394	1084715
1114562	1114678
1115978	1116076
1119620	1119628
1119642	1119775
1120538	1120632
1122215	1122300
1122678	1122721
1123944	1124164
1126627	1126760
1127515	1127766
1129761	1129862
1134441	1134527
1135842	1136022
1137762	1137973
1187771	1187791
1191747	1191889
1193022	1193111
1193567	1193734
1194497	1194677
1195121	1195282
1195867	1195951
1196097	1196270
1196396	1196504
1197283	1197442
1197560	1197678
1197926	1198090
1198262	1198376
1201029	1201114
1202088	1202244
1203126	1203268
1204089	1204434
1205016	1205121
1205925	1206086
1206673	1206890
1207219	1207338
1341136	1341192
1341497	1341592
1342549	1342610
1343054	1343081
1343583	1343711
1344112	1344258
1345030	1345120
1345371	1345474
1346314	1346391
1347018	1347083
1347308	1347391
1348075	1348124
1348307	1348388
1351285	1351467
1352100	1352174
1440324	1440440
1442316	1442423
1442646	1442767
1442999	1443701
1537513	1537893
1539787	1539912
1543105	1543238
1543482	1543589
1544301	1544376
1544662	1544724
1544810	1544879
1545373	1545451
1546070	1546321
1546342	1546445
1547133	1547191
1547382	1547442
1548193	1548270
1548678	1548767
1549390	1549455
1549781	1549831
1550720	1554061
1561380	1561781
1562254	1562410
1562769	1562836
1563342	1563472
1563613	1563760
1564135	1564261
1564975	1565117
1565803	1565874
1566138	1566296
1566909	1567034
1567241	1567316
1568096	1568114
1570246	1570264
1599388	1599892
1600312	1600487
1660991	1661580
1661870	1662221
1662785	1662861
1662944	1663397
1663515	1663610
1663726	1663892
1664269	1664769
1683360	1683425
1691452	1691595
1691640	1691834
1772784	1772850
1774334	1774424
1774589	1774874
1782119	1782124
1782202	1782671
1782859	1783020
1783182	1783391
1783697	1783899
1783968	1784084
1784441	1784612
1784819	1784954
1785940	1786072
1786158	1786355
1790859	1791034
1791547	1791641
1792151	1792256
1793009	1793182
1793248	1793424
1793511	1793630
1793742	1794373
1796347	1796383
1796454	1796588
1798622	1798906
1800606	1800677
1802348	1802614
1802885	1803050
1805602	1805712
1806566	1806688
1807004	1807104
1807956	1808013
1808331	1808414
1808893	1809025
1809369	1809468
1810077	1810266
1810866	1811179
1850579	1850602
1850634	1851049
1851450	1851535
1853564	1853649
1853814	1853869
1854460	1854563
1858526	1858636
1858851	1859255
1861168	1861273
1861921	1862114
1864492	1864698
1865103	1865309
1869525	1869717
1869932	1870148
1870556	1870639
1871343	1871469
1880766	1880892
1881075	1881403
1881583	1881756
1883970	1884363
1887017	1887093
1933535	1934705
1936422	1937266
2004189	2004251
2005048	2005199
2006527	2006595
2006679	2006748
2007047	2007140
2007764	2007879
2008090	2008239
2016779	2017396
2019174	2019304
2020345	2020531
2020950	2021099
2021214	2021381
2021711	2021881
2022670	2022909
2023467	2024246
2024532	2024654
2026319	2026441
2027794	2027973
2028077	2028163
2028435	2028548
2029247	2029296
2029563	2029661
2030355	2030427
2030899	2030981
2031325	2031404
2031977	2032651
2145511	2145672
2150523	2150610
2152215	2152363
2153207	2153332
2153944	2154067
2154714	2154820
2155431	2155500
2156298	2156449
2157323	2157404
2157738	2157832
2158622	2158854
2159719	2159855
2160451	2160926
2167967	2168228
2168928	2169181
2170026	2170202
2170890	2170997
2241728	2241874
2242915	2243069
2243721	2243849
2245033	2245162
2245920	2246073
2248361	2248551
2279359	2280564
2287119	2287257
2287860	2287954
2288154	2288234
2288437	2288540
2289227	2289315
2289445	2289584
2289604	2289665
2291083	2291170
2291270	2291308
2291410	2291573
2292156	2292209
2292301	2292379
2293546	2293605
2335744	2335872
2336398	2336477
2337612	2337758
2343245	2343389
2343834	2344120
2344337	2344565
2345673	2345816
2345912	2346036
2356532	2356687
2357428	2357479
2357934	2358028
2380476	2380556
2382979	2383066
2383956	2384020
2384134	2384412
2385534	2385596
2386424	2386451
2388827	2388927
2389745	2389894
2389987	2390087
2390550	2390686
2391218	2391306
2391794	2391930
2392534	2392827
2393492	2393629
2394948	2394987
2396937	2397034
2397756	2397868
2398089	2398155
2403652	2403844
2418564	2418881
2419372	2420058
2446720	2446751
2447121	2447277
2448156	2448340
2450139	2450226
2450334	2450451
2450681	2452666
2473920	2474072
2475183	2475446
2475812	2475955
2476163	2476285
2476765	2476854
2477098	2477216
2477814	2478021
2478671	2478787
2479199	2479437
2479932	2480115
2480318	2480912
2481806	2481975
2482762	2482935
2483216	2483308
2483606	2483700
2484119	2484323
2485128	2485355
2597320	2598156
2600807	2600941
2608437	2608531
2609790	2609852
2609977	2610076
2610216	2610316
2610576	2610705
2611354	2611443
2611703	2611819
2612106	2612240
2614052	2614173
2614707	2614855
2617722	2617797
2618194	2618283
2619301	2619411
2621381	2621420
2621914	2622036
2622455	2622535
2622655	2622765
2623294	2623416
2623896	2624045
2624168	2624334
2624879	2625844
2626359	2626425
2626767	2626897
2627538	2627695
2627804	2627982
2628452	2628550
2629040	2629216
2629696	2629737
2630260	2630371
2630457	2630527
2631158	2631356
2631944	2632072
2632653	2632758
2633432	2633563
2634496	2634619
2635574	2635710
2635964	2636091
2636240	2636676
2637598	2637747
2639511	2639663
2639837	2639855
2640566	2640596
2640831	2640993
2641195	2642654
2642676	2643178
2684590	2685134
2688181	2688326
2689062	2689206
2691949	2692041
2692852	2693102
2694001	2694168
2694847	2695034
2700340	2700664
2701459	2701601
2702582	2702741
2703047	2703146
2703400	2703467
2704319	2704461
2705782	2705937
2705994	2706062
2706207	2706327
2706579	2706709
2706800	2707006
2707077	2707360
2707800	2707908
2708436	2708780
2742061	2742126
2743655	2743715
2746480	2746717
2747470	2747582
2747741	2747881
2748342	2748592
2749308	2749433
2750648	2750765
2751622	2751870
2752671	2752747
2754442	2754620
2754964	2755055
2755372	2755560
2756181	2756312
2757294	2757409
2757805	2757861
2758353	2758400
2758994	2759461
2760319	2760643
2762353	2762475
2762568	2762713
2762745	2762876
2788123	2788186
2789439	2789623
2795449	2795593
2795779	2795845
2795937	2796084
2796426	2796528
2796787	2797043
2797157	2797316
2797558	2797709
2797795	2797851
2797873	2799076
2834653	2834740
2834975	2835047
2837234	2837312
2838344	2838501
2841323	2841398
2842269	2842478
2842561	2842662
2843138	2843270
2843762	2843829
2844161	2844246
2844368	2844576
2844858	2844996
2845203	2845335
2845437	2845602
2845836	2845937
2846179	2846391
2846570	2846679
2846823	2846911
2848656	2848843
2848927	2849153
2849236	2849358
2849390	2849615
2851189	2851388
2861188	2861527
2866031	2866123
2866493	2866555
2867465	2867596
2867796	2867997
2868265	2868350
2868638	2868743
2868840	2868938
2869067	2869247
2869434	2869559
2869820	2869962
2870166	2870408
2871420	2871612
2875791	2876116
2876188	2876262
2876337	2876432
2876510	2876662
2876744	2876812
2876896	2877011
2985904	2986026
2986604	2986910
2986948	2987042
2988049	2988303
2988911	2989070
2989212	2989296
2989780	2989852
2990098	2990176
2990369	2990506
2990708	2990772
2991027	2991137
2991382	2991462
2992545	2992724
2994092	2994282
2994905	2995044
2995369	2995446
2995667	2995768
2996388	2996551
2996762	2996950
2997304	2997441
2999607	2999845
3000079	3000328
3000742	3000844
3000993	3001342
3006414	3006507
3006694	3006797
3006880	3007031
3007154	3007178
3007425	3007484
3007559	3007812
3066792	3067051
3072070	3072118
3075323	3075375
3076128	3076260
3076733	3076869
3077296	3077422
3110427	3110586
3110936	3111024
3111447	3111569
3250522	3250608
3250887	3251088
3251702	3251797
3252200	3252333
3252538	3252608
3253564	3254493
3254932	3255045
3255386	3255456
3255903	3255979
3256488	3256548
3256803	3256878
3257722	3258152
3258827	3258915
3259404	3260667
3260747	3260958
3263232	3263370
3264546	3264725
3264807	3264853
3265596	3265684
3266088	3266271
3276897	3276952
3277065	3277138
3277536	3277702
3277964	3278029
3278542	3278649
3280908	3280956
3285166	3285248
3288501	3288654
3290812	3290841
3291273	3291413
3292133	3292314
3300272	3300496
3301067	3301180
3314375	3314439
3315054	3315192
3315807	3316010
3318531	3318932
3334972	3335127
3336085	3336435
3336876	3336975
3339431	3339569
3341649	3341711
3342088	3342125
3342880	3342970
3346462	3346547
3348325	3348446
3348866	3349161
3350647	3352852
3400958	3401232
3402173	3402258
3402365	3402896
3500153	3500233
3500767	3501201
3502315	3502422
3502578	3502712
3703841	3703939
3703945	3704028
3704965	3705114
3710886	3710971
3711881	3712031
3721800	3721885
3724238	3724556
3727853	3727894
3729155	3729377
3731607	3731920
3738350	3738388
3738459	3738770
3739788	3739872
3741755	3741864
3748666	3748803
3750950	3751039
3751702	3751796
3752357	3752444
3753599	3753730
3754257	3754602
3755254	3755450
3756176	3756262
3756411	3756497
3756802	3756969
3757040	3757125
3757455	3757536
3757640	3757746
3757957	3758002
3758551	3758887
3759504	3759673
3759796	3759941
3760204	3760350
3760430	3760600
3760813	3760900
3811498	3811919
3812029	3812252
3821168	3821292
3822617	3822754
3823596	3823737
3824461	3824670
3845460	3845640
3848446	3848528
3857211	3857354
3858838	3858963
3860313	3860858
3865573	3865660
3866403	3866514
3868001	3868100
3869683	3869754
3870458	3870586
3908349	3908534
3909743	3910003
3910080	3910352
4041103	4041198
4042004	4042084
4042961	4043041
4044873	4044980
4045311	4045440
4046789	4046932
4047213	4047264
4048952	4049001
4050500	4050549
4050957	4051005
4051437	4051582
4052324	4052543
4055245	4055534
4055878	4056023
4056148	4056289
4057022	4057093
4057869	4057944
4058662	4058861
4059501	4059574
4061762	4061972
4063202	4063264
4063868	4063912
4064699	4064848
4064945	4064992
4066230	4066419
4067467	4067555
4068466	4068551
4069402	4069523
4070254	4070333
4086046	4086463
4088064	4088266
4089446	4089643
4113643	4113768
4117202	4117358
4120982	4121087
4121890	4122087
4127197	4127389
4128899	4128986
4130065	4130211
4131097	4132747
4132809	4132991
4257530	4257680
4258655	4258748
4259541	4259659
4261090	4261204
4262813	4263041
4308298	4310052
4314182	4314283
4316539	4316740
4317402	4317565
4319638	4319775
4322120	4322243
4323315	4323428
4326551	4326688
4328636	4328749
4330859	4330932
4335883	4335993
4336296	4336411
4336558	4336696
4339646	4339861
4361553	4361666
4363627	4363725
4364118	4364183
4364549	4364797
4364889	4364959
4366699	4366765
4369829	4370022
4370672	4370967
4373159	4373193
4374414	4374746
4378239	4378388
4379706	4379909
4380134	4380201
4380559	4380691
4381104	4381371
4382160	4382383
4384980	4385091
4387377	4387507
4698628	4698733
4699168	4699242
4699379	4699506
4701944	4702043
4702158	4702732
4703458	4703646
4703697	4704041
4704758	4705520
4705662	4705949
4706105	4706650
4716808	4717134
4717173	4717234
4743966	4744034
4744406	4744531
4744757	4744820
4745583	4745710
4746114	4746196
4746624	4746807
4746996	4747061
4747451	4747553
4749219	4749358
4752984	4753151
4827258	4827355
4827615	4827906
4827955	4828410
4829560	4829587
4829611	4829875
4832346	4832511
4834019	4834119
4834146	4834401
4837683	4837832
4837929	4838004
4838341	4838523
4839054	4839281
4839459	4839600
4839975	4840144
4840585	4840700
4840804	4840971
4841733	4841831
4841886	4842425
4843385	4843399
4844428	4844562
4844928	4845061
4845705	4845936
4848232	4848408
4848521	4848670
4848751	4848909
4849148	4849267
4857323	4857470
4857496	4857710
4907306	4907409
4907784	4907883
4910773	4910940
4911031	4911155
4911366	4911468
4911645	4912059
4912362	4912465
4913346	4913505
4913594	4913681
4913863	4913927
4914058	4914133
4914272	4914428
4914643	4914751
4915194	4915413
4915716	4915912
4916116	4916211
4916408	4916478
4916580	4916891
4917015	4917284
4917515	4917558
4917666	4917972
4925899	4925984
4926256	4926415
5010860	5010875
5015313	5015416
5016157	5016310
5019391	5019616
5026909	5027233
5085980	5086241
5086357	5086493
5086884	5087006
5087370	5087568
5087932	5088338
5146267	5146507
5146991	5147117
5151451	5151564
5151644	5151739
5152020	5152295
5152854	5153454
5153555	5154478
5165295	5165506
5167365	5167558
5169065	5169145
5171926	5172067
5176270	5176315
5205056	5205076
5205475	5205780
5208541	5208699
5212953	5212991
5213077	5213262
5248634	5248813
5255890	5256007
5258353	5258400
5266566	5266658
5267281	5267409
5267663	5267769
5268132	5268288
5270909	5271843
5295845	5296124
5303123	5303196
5304260	5304379
5305748	5305930
5306634	5306723
5307076	5307215
5308000	5308142
5308972	5309068
5309184	5309300
5310785	5310866
5311672	5311746
5311880	5311942
5313259	5313358
5314317	5314394
5316634	5316794
5317775	5318053
5329277	5329400
5331168	5331295
5331705	5331772
5332188	5332363
5333454	5333495
5334455	5334626
5334840	5335114
5335287	5335423
5336600	5336915
5337742	5337913
5339343	5339614
5340269	5340405
5340906	5341263
5341352	5341468
5342101	5342272
5342585	5342850
5343397	5343533
5344023	5344184
5370487	5370562
5370598	5370701
5371469	5371603
5372157	5372287
