869545	869790
869876	870112
870791	870944
872628	872845
883084	883284
883792	883896
883973	884073
884181	884261
884365	884517
884755	884890
884979	885175
885275	885524
887456	887550
887762	887951
1031924	1032122
1034844	1034929
1041457	1041528
1041844	1041901
1044024	1044218
1045230	1045374
1045669	1045729
1047179	1047241
1048598	1048723
1049242	1049277
1050479	1050530
1051387	1051519
1051644	1052852
1290332	1290584
1291130	1291199
1293352	1293562
1293677	1294273
1295744	1295881
1297498	1297521
1299138	1299294
1299717	1299821
1300869	1301032
1302090	1302240
1302827	1303177
1304397	1304503
1305753	1305897
1306418	1306518
1309160	1309324
1416568	1416679
1418641	1418844
1420747	1420832
1450277	1451515
1460892	1461237
1462008	1462086
1463763	1463838
1464364	1464429
1465643	1465678
1466470	1466560
1467983	1468065
1468530	1468696
1469649	1469773
1471301	1471364
1472098	1472188
1472981	1473116
1473395	1473522
1474512	1474705
1474837	1474948
1476165	1476227
1476722	1476823
1477437	1477519
1479048	1479134
1479767	1479893
1480327	1480414
1480731	1480849
1481214	1481271
1483466	1483587
1484424	1484531
1485620	1485711
1485916	1486339
1519032	1520213
1560261	1560336
1560591	1560637
1562975	1563062
1565062	1565448
1567073	1568370
1748468	1748479
1752075	1752310
1758933	1759002
1761266	1761448
1762401	1762448
1803941	1804202
1807414	1807522
1812051	1812057
1816819	1816980
2025351	2025680
2027047	2027054
2027399	2027555
2030075	2030545
2061535	2061586
2066856	2067119
2068810	2068857
2072380	2072489
2076017	2076076
2103773	2104580
2107857	2107918
2107985	2108326
2141808	2142030
2143796	2143870
2145810	2145878
2154231	2154921
2165324	2165416
2331796	2331898
2332198	2332301
2338339	2338387
2339197	2339274
2339592	2339725
2341042	2341149
2343579	2343596
2343926	2344022
2344138	2344171
2345356	2345470
2346019	2346183
2346901	2347005
2347263	2347323
2348010	2348119
2348782	2348845
2349512	2349651
2350631	2350765
2351294	2351513
2352062	2352204
2352501	2352557
2352840	2352947
2353777	2353932
2354024	2354071
2363470	2363823
2369056	2369208
2369775	2369834
2369936	2370032
2370598	2370626
2370956	2371051
2372715	2372816
2375612	2375803
2377327	2377373
2377690	2377837
2378102	2378173
2380675	2380812
2382565	2382672
2383356	2383466
2384022	2384249
2549116	2549191
2549828	2549911
2550235	2550359
2551028	2551091
2551564	2551737
2553712	2553768
2554397	2554506
2777133	2777184
2777535	2777692
2778380	2778506
2778956	2779062
2779339	2779492
2779707	2779759
2793156	2793286
2794174	2794295
2795508	2795659
2797586	2797722
2798409	2798541
2800583	2800734
2901214	2901290
2901334	2901420
2902436	2902522
2903934	2904002
2909224	2909270
2911083	2911209
2911691	2911741
2912151	2912416
2915412	2915504
2918604	2918706
2918818	2918930
2920365	2920502
3040073	3040157
3041022	3041127
3041502	3041854
3042005	3042099
3042434	3042579
3043010	3043090
3043222	3043282
3043831	3043897
3043965	3044305
3045639	3045699
3066094	3066366
3066475	3066582
3067085	3067259
3067434	3067555
3068102	3068167
3068887	3068988
3069828	3069938
3070243	3070328
3071031	3071089
3071627	3071724
3071892	3071954
3072665	3073479
3073564	3074253
3075737	3075881
3076877	3076934
3077851	3077879
3082961	3083063
3083571	3083692
3083809	3083917
3084032	3084155
3084587	3084758
3085320	3085424
3085572	3085813
3086467	3086509
3086888	3088323
3233009	3233095
3233131	3233366
3233499	3233697
3430640	3430758
3431230	3431307
3433105	3433185
3433669	3433806
3434654	3434735
3435605	3435690
3437126	3437200
3438401	3438597
3440357	3440421
3441046	3441066
3441813	3441854
3444943	3445023
3445426	3445520
3448448	3448474
3450013	3450180
3460338	3460564
3463074	3463276
3537890	3537986
3538015	3538781
3541408	3541702
3541875	3542048
3544209	3544291
3544953	3544991
3546371	3546444
3547502	3547725
3548195	3548306
3548779	3548929
3549122	3549235
3550343	3550390
3550511	3550593
3550925	3551011
3551310	3551421
3551968	3552110
3552727	3552764
3553345	3553427
3554802	3554980
3555073	3555172
3555477	3555652
3556357	3556621
3557409	3557590
3557844	3557937
3558280	3558379
3559654	3559733
3605293	3606090
3643580	3643840
3644513	3644680
3645607	3645723
3652405	3652521
3657042	3657772
3976080	3976499
4018128	4018206
4019357	4019502
4020269	4020458
4021363	4021508
4021601	4021737
4023030	4023159
4023942	4024131
4024600	4024682
4025255	4025418
4025673	4025959
4026018	4026738
4033932	4034339
4035065	4035551
4036406	4037023
4037460	4037609
4038161	4038684
4076374	4076484
4077130	4077261
4077318	4077386
4081438	4081594
4082771	4082995
4084039	4084246
4085757	4085843
4086046	4086242
4086407	4086507
4086709	4086787
4087199	4087308
4089681	4090350
4090905	4091047
4091544	4091996
4114649	4114780
4116023	4116241
4116596	4116835
4205825	4205914
4206032	4206250
4331362	4331459
4331981	4332109
4336343	4336446
4338103	4338178
4340108	4340190
4340814	4340907
4342185	4342397
4342982	4343132
4343324	4343463
4344980	4345038
4346165	4346255
4347032	4347150
4347408	4347624
4348201	4348308
4349000	4349068
4351181	4351288
4353591	4353708
4354775	4354946
4360146	4361423
4374199	4374402
4374551	4374650
4374897	4374996
4375285	4375486
4375591	4376773
4387203	4387349
4388810	4388977
4389147	4389215
4390033	4390112
4390708	4390834
4391465	4391551
4391768	4391917
4393135	4393287
4393551	4393760
4411053	4411187
4411274	4411458
4412469	4412520
4412587	4412920
4413347	4413448
4413504	4413675
4413765	4413871
4413977	4414096
4414193	4414420
4414522	4414678
4414833	4414960
4415070	4415237
4415315	4415533
4415611	4415850
4415856	4416161
4416211	4416398
4416501	4416594
4416698	4416931
4417054	4417100
4439315	4439359
4439534	4439609
4440118	4440230
4460922	4461112
4461519	4461681
4462709	4462853
4463271	4463495
4464176	4464328
4464354	4465155
4470416	4470478
4470512	4470578
4470883	4470945
4471342	4471446
4471735	4471783
4472368	4472480
4472941	4473009
4473218	4473285
4473615	4473669
4473846	4473932
4474333	4474545
4480180	4480985
4487230	4488043
4488132	4488417
4489089	4489218
4489368	4490087
4492607	4492700
4492731	4493247
4493708	4493817
4494110	4494218
4494430	4494545
4494643	4495726
4504411	4504491
4504998	4505156
4505617	4505815
4506086	4506175
4506692	4508063
4511482	4511496
4511572	4511646
4511880	4512011
4512344	4512451
4512748	4512892
4513114	4513244
4513387	4513576
4513831	4513937
4513965	4514252
4515794	4515895
4516807	4517770
4518245	4519722
4520057	4520265
4520691	4522167
4538345	4538950
4538999	4539499
4539563	4540057
4558663	4558830
4563042	4563176
4565799	4567198
4609692	4609754
4611500	4611518
4611914	4611936
4612764	4612961
4613443	4613517
4614405	4614490
4616518	4616682
4617115	4617321
4617949	4618108
4618622	4618846
4619336	4619488
4619966	4620041
4620350	4620460
4621315	4621506
4621628	4621762
4622358	4622718
4623062	4623159
4623677	4623746
4625152	4625257
4625636	4625802
4628273	4628387
4628445	4628702
4628733	4628853
4629188	4629273
4629862	4629934
4630286	4630371
4630960	4631069
4631217	4631501
4632247	4632391
4633376	4633579
4634434	4634521
4635059	4635156
4635648	4635795
4636107	4636288
4636694	4636888
4637084	4637269
4638094	4638304
4638590	4638771
4639430	4639570
4640832	4640987
4642100	4642237
4642733	4642861
4643152	4643180
4645162	4645341
4645875	4646094
