149517	149577
150497	150587
155325	155532
156459	156551
156667	156728
161463	161528
162268	162333
162942	162986
164454	164519
166907	167047
167797	168051
168804	169018
169390	169425
170429	170503
173892	173904
175711	175878
177474	177536
179636	179936
180709	181319
181826	182099
182254	182409
182869	183029
183932	184242
184627	184762
186544	186690
187366	187628
189721	189864
191017	191158
198425	198498
201511	201695
204820	204912
205611	205704
205968	206001
207686	207726
207810	207916
208826	209005
211262	211396
212672	213082
278816	278846
279768	279823
280074	280362
281036	281241
370194	370348
374636	374695
378352	378451
381713	381816
382376	382458
382623	382786
383030	383125
383213	383394
390635	390773
392847	393050
467322	467588
468075	468292
470681	470780
471535	471681
477485	477519
477886	478281
481843	481882
482267	482397
483278	483412
539994	540240
540545	540653
542869	543199
1243886	1244232
1244353	1244491
1248902	1249039
1253977	1254007
1254221	1254243
1255440	1255517
1255594	1255704
1256453	1256573
1257044	1257068
1259585	1259693
1259979	1260043
1260612	1260776
1261044	1261152
1261665	1261815
1261906	1262039
1262399	1262513
1262620	1262711
1262827	1262943
1264704	1264829
1265751	1265846
1268075	1268209
1268451	1268543
1430066	1430105
1435530	1435614
1438918	1438993
1443011	1443157
1443985	1444054
1444388	1444574
1445254	1445348
1445738	1445820
1445984	1446071
1446467	1446521
1447393	1447546
1448887	1449002
1449865	1451112
1451135	1452591
1520480	1520527
1521402	1521521
1521755	1521877
1525992	1526122
1527299	1527375
1528964	1528983
1529092	1529172
1530563	1530621
1532587	1532696
1534239	1534390
1534811	1535071
1541443	1541508
1542162	1542214
1544975	1546778
1546801	1549646
1549669	1550717
1558565	1558712
1560722	1560805
1563031	1563180
1581641	1581673
1585575	1585619
1587219	1587431
1587796	1587903
1588041	1588145
1588470	1588574
1588696	1588800
1589421	1589525
1590547	1590651
1590825	1590932
1591332	1591448
1591606	1591647
1592119	1592220
1592303	1592410
1592504	1592608
1592983	1593081
1593312	1593416
1593969	1594076
1594575	1594886
1595405	1595611
1596270	1596374
1596498	1596605
1596759	1597070
1597449	1597655
1597938	1598042
1598644	1598712
1599021	1599269
1599462	1599668
1600238	1600342
1601150	1601257
1602210	1602521
1602715	1602918
1603380	1603484
1603824	1603931
1605757	1605960
1606315	1606419
1606512	1606619
1607537	1607848
1615242	1615349
1616184	1616495
1616912	1617115
1617682	1617786
1618269	1618376
1619019	1619330
1620491	1620682
1620860	1620967
1621091	1621442
1622098	1622246
1622402	1622506
1623011	1623118
1623215	1623526
1624409	1624612
1624836	1624940
1625408	1625512
1625594	1625905
1626203	1626307
1626596	1626694
1626870	1626971
1627148	1627255
1628094	1628405
1628529	1628633
1628716	1628820
1629348	1629452
1630306	1630413
1630504	1630617
1631448	1631606
1632280	1632384
1632812	1632916
1632996	1633100
1633572	1633679
1634333	1634446
1634887	1635084
1635910	1636014
1636298	1636402
1636658	1636765
1637038	1637145
1637496	1637603
1638164	1638268
1638357	1638422
1639026	1639124
1639312	1639422
1639579	1639683
1639900	1640004
1640275	1640379
1641828	1641932
1642498	1642602
1643097	1643201
1643412	1643516
1645524	1645628
1648548	1648652
1648753	1648860
1650498	1650602
1651584	1651688
1651808	1651912
1652462	1652566
1652656	1652766
1652958	1653068
1653512	1653613
1653728	1653826
1656320	1656430
1656570	1656674
1657496	1657600
1658712	1658816
1659594	1659704
1660148	1660177
1662553	1662666
1662777	1662881
1663285	1663389
1663506	1663610
1665514	1665606
1667867	1667959
1668426	1668518
1669861	1669953
1673368	1673460
1675351	1675443
1675966	1676058
1676450	1676542
1678466	1678558
1678938	1679030
1679285	1679381
1682300	1682505
1731934	1732246
1733324	1733979
2340998	2341069
2341791	2341867
2343270	2343360
2344636	2344711
2345054	2345139
2346671	2346719
2347129	2347280
2348517	2348690
2349064	2349170
2351226	2351311
2351991	2352086
2352168	2352235
2352370	2352603
2352647	2352715
2352786	2353178
3724932	3725187
3730808	3730879
3736929	3737117
3737824	3738038
3740535	3740643
3741502	3743471
3745437	3745617
3754772	3755162
3755205	3755280
3982264	3982393
3983313	3983440
3984865	3984963
5069717	5070007
5072837	5073008
5075786	5075929
5077853	5078089
5082612	5082792
5085599	5085818
5087468	5087657
5092477	5092599
5094634	5094778
5097838	5098100
5099832	5099948
5103148	5103315
5104979	5105161
5111435	5111635
5113053	5113298
5119175	5119372
5120042	5120246
5122537	5122701
5123229	5123473
5130098	5130229
5131411	5131638
5134447	5134621
5134919	5135013
5138573	5138722
5147501	5147641
5148459	5148584
5149744	5149875
5153371	5153463
5155071	5155200
5157656	5157782
5157937	5158088
5158377	5158501
5161552	5161923
5162077	5162093
5750382	5750411
5750864	5751607
6453084	6453897
6460706	6460719
6496977	6497034
6501878	6501970
6506739	6506841
6514608	6514710
6516004	6516084
6516552	6516611
6524305	6524416
6526182	6526316
6527139	6527286
6528206	6528352
6529354	6529396
6530026	6530106
6530589	6530700
6531061	6531132
6531899	6532026
6532047	6532538
6537485	6537500
6537642	6537846
6538414	6538524
6539007	6539256
6539923	6540088
6540168	6540313
6541201	6541351
6541753	6541894
6542166	6542307
6542445	6542552
6543099	6543143
6544267	6544395
6545249	6545410
6546486	6546621
6546882	6547049
6547945	6548084
6548677	6548750
6551294	6551877
6552770	6552849
6554060	6554143
6554882	6554942
6555313	6555388
6556124	6556811
6557199	6557844
6559162	6560718
6561068	6561336
6561483	6561773
6562542	6562740
6563342	6563626
6563919	6564018
6564555	6564689
6565522	6565745
6566504	6566740
6567341	6567432
6568740	6568802
6670608	6670917
6677129	6677189
6687623	6687641
6690260	6690438
6692768	6692999
6694716	6694801
6696721	6696892
6697271	6697399
6698247	6698366
6699088	6699207
6699689	6699868
6700763	6700915
6701593	6702001
6702926	6703120
6703596	6703678
6705123	6705224
6706089	6706231
6707574	6707705
6708552	6708939
6709360	6709491
6709817	6709911
6712108	6712390
6733807	6733859
6734874	6734944
6735452	6735536
6736315	6736556
6736998	6737041
6739116	6741560
6742729	6742878
6743094	6743791
6747642	6747735
6751131	6751163
7286704	7286961
7304368	7304501
7318011	7318031
7318674	7318728
7342064	7342144
7344544	7344620
7347093	7347174
7359785	7359862
7361205	7361354
7383428	7383496
7388124	7388222
7389932	7389970
7395153	7395272
7396593	7396711
7406577	7406583
7414484	7414588
7418008	7418196
7418660	7422504
7423201	7423378
7427505	7427576
7449987	7450116
7461423	7461436
7643144	7643175
7645519	7645598
7660521	7660645
7661253	7661363
7662819	7662914
7663450	7663557
7665497	7665640
7666391	7666564
7666928	7667020
7667468	7667593
7669158	7669241
7669650	7670565
8171829	8171949
8174685	8174839
8177288	8177385
8180523	8180646
8182785	8182823
8183937	8184044
8187837	8187928
8189367	8189414
8189890	8190011
8193776	8193823
8195875	8195973
8196082	8196151
8202418	8202612
8203892	8203946
8207491	8207590
8208659	8208717
8208806	8208878
8210380	8210453
8211811	8214089
8576291	8576423
8576948	8577083
8577394	8577494
8577592	8577791
8577879	8577993
8578826	8578965
8579161	8579322
8580224	8580376
8581037	8581150
8581591	8581647
8582586	8582763
8583382	8584109
8640323	8640372
8653002	8653292
8658335	8658368
8668862	8669042
8673723	8674060
8675661	8675785
8677855	8678021
8678433	8678532
8678963	8681800
9056801	9056908
9056975	9057124
9059002	9059103
9059482	9059718
9060469	9060504
9061439	9061474
9061843	9061950
9063231	9063338
9063424	9063468
9064016	9064114
9064210	9064263
9064759	9064803
9064957	9065064
9066314	9066355
9066672	9066848
9067142	9067257
9067995	9068027
9154230	9154274
9158759	9159273
9164604	9165090
9165543	9166070
9167595	9167759
9173489	9173753
9174275	9174290
9187051	9187120
9195886	9195894
9198534	9198582
9199325	9199387
9200101	9200174
9200864	9200885
9202796	9202888
9208157	9208310
9209483	9209573
9209788	9210345
9217398	9217454
9242539	9242674
9243100	9243200
9244190	9244276
9244382	9244477
9245366	9245466
9246391	9246494
9247392	9247551
9247972	9248092
9248179	9248290
9248509	9248617
9249365	9249452
9249945	9250034
9250891	9250986
9252179	9252257
9253830	9253957
9254401	9254481
9254884	9254991
9255109	9255264
9256698	9256856
9257252	9257346
9257911	9258000
9258202	9258318
9259741	9260191
9278530	9278625
9284240	9284281
9285070	9285204
9285718	9285794
9290024	9290090
9290680	9290769
9291778	9291833
9294296	9294416
9295329	9295502
9296033	9296115
9296514	9296562
9297196	9297285
9298150	9298212
9298307	9298375
9299485	9299550
9300878	9300964
9301793	9301942
9302454	9302890
9303890	9303979
9304509	9304640
9306072	9306177
9306765	9306814
9307687	9308511
9321638	9321681
9322324	9322459
9322823	9323051
9324470	9324519
9325946	9326086
9336934	9337131
9337231	9337405
9337917	9338074
9340414	9341943
9342622	9342837
9348613	9348808
9348969	9349253
9350166	9350402
9351297	9353554
9354407	9354640
9354925	9355146
9356137	9356218
9357137	9357286
9357770	9357832
9358713	9358880
9359711	9359923
9360029	9360616
9361075	9361220
9361775	9361949
9362172	9362457
9362686	9362693
9366833	9366972
9367056	9367089
9368157	9368393
9368932	9369168
9370269	9372511
9373008	9373238
9373473	9373694
9374136	9374199
9375140	9375289
9375981	9376043
9377682	9377849
9377974	9378178
9378284	9378876
9379406	9379551
9380834	9381008
9382626	9382911
9384165	9384273
9385148	9385205
9385258	9385570
9386084	9386114
9386601	9386683
9387140	9387257
9388111	9388226
9388879	9388984
9389227	9389321
9390045	9390162
9390935	9391042
9391776	9391852
9392441	9392551
9393252	9393384
9393978	9394137
9394922	9395052
9403044	9403106
9404768	9404857
9430929	9430942
9431872	9431886
9438649	9438759
9442673	9442741
9443812	9443987
9444765	9444844
9445584	9445766
9449362	9449563
9453348	9453493
9455473	9455613
9457614	9458112
9459546	9459732
9462307	9462489
9463087	9463240
9464589	9464658
9465105	9465239
9465932	9466029
9466290	9466368
9467257	9467364
9467671	9467746
9467882	9468002
9468031	9468151
9468185	9468243
9509674	9509789
9518154	9518292
9518370	9518519
9519565	9519612
9523784	9523839
9528347	9528419
9529937	9529998
9531456	9531521
9535368	9535457
9536682	9536781
9537536	9537681
9539047	9539161
9539507	9539550
9540186	9540278
9541748	9541797
9541834	9541864
9542289	9542523
9580648	9580769
9585551	9585881
9587085	9587210
9590253	9590376
9591039	9591122
9597004	9597122
9597451	9602456
9602477	9606583
9639132	9639474
9646224	9646311
9647598	9647685
9650795	9650941
9653728	9654400
9655226	9655323
9656901	9657018
9659202	9659262
9662223	9662388
9687725	9687965
9689147	9689413
9690174	9690452
9690775	9691014
9692138	9692446
9692846	9693154
9693680	9693997
9694894	9695202
9695894	9696433
9696788	9697129
9698093	9699451
9701696	9701815
9703432	9703526
9704300	9704358
9704787	9704947
9706627	9706761
9711382	9711424
9711527	9711564
9712061	9712148
9713592	9713766
9715376	9715525
9734617	9734767
9735611	9735717
9737300	9737358
9738751	9738908
9740185	9740313
9741431	9741502
9743134	9743221
9743447	9743651
10329943	10330044
10331353	10331420
10333022	10333183
10338977	10339040
10339720	10339792
10339887	10340027
10341022	10341258
10341348	10341442
10342386	10342941
10343459	10343600
10344194	10344273
10344712	10344930
10345016	10345148
10346227	10347623
10448147	10448259
10451245	10451410
10452473	10452638
10455438	10455543
10457307	10457869
10459517	10459714
10460783	10460917
10460971	10461125
10466546	10466657
10466892	10467044
10472380	10472486
10472908	10472975
10473588	10473643
10481818	10481955
10482579	10482776
10483957	10484203
10491757	10491837
10492197	10493086
10502709	10502825
10506136	10506216
10517317	10517367
10518943	10519070
10522559	10522712
10534767	10535069
10538673	10538708
10538806	10538899
10539893	10540096
10544272	10544489
10549848	10549971
10557487	10557643
10565002	10565276
10566310	10566398
10573846	10574013
10574246	10574264
10576697	10576816
10582653	10582774
10583435	10583613
10584285	10584361
11182878	11183029
11184640	11184757
11190248	11190429
11193427	11193570
11195011	11195158
11196407	11196632
11197269	11197487
11199345	11199515
11200388	11200591
11201436	11201480
11204592	11204845
11305576	11305606
11317384	11317569
11323083	11323267
11327017	11327153
11330247	11330418
11337842	11337925
11340896	11341006
11341217	11343459
11491800	11491961
11492781	11492943
11494623	11494752
11497307	11497400
11498458	11498557
11498934	11499106
11501618	11501730
11502818	11502927
11506828	11506970
11507399	11507547
11508000	11508128
11508507	11508663
11509729	11509958
11510597	11512487
11544542	11544663
11546313	11546356
11546447	11548049
11553643	11553817
11554519	11554723
11555149	11555771
11556661	11556806
11557628	11559322
11574372	11574480
11575444	11575655
11576320	11576400
11577647	11577766
11579407	11579531
11584240	11584369
11669320	11669470
11670427	11670500
11671158	11671250
11672587	11672732
11673465	11673600
11674327	11674397
11675360	11675419
11676121	11676198
11678003	11678170
11678958	11679007
11680174	11680344
11689094	11689201
11692143	11692310
11697416	11697523
11701007	11701069
11704950	11705053
11708460	11708704
11712295	11712358
11713921	11714084
11714968	11715046
11715320	11715673
11715797	11715922
11734173	11734282
11737436	11737640
11738245	11738592
11739191	11739454
11741073	11741201
11751349	11751555
11753723	11753839
11755569	11755655
11782664	11782887
11784254	11784410
11785329	11785427
11790333	11790485
11792555	11792584
11793887	11793916
11795612	11795669
11797076	11797152
11798723	11798828
11799075	11799181
11799759	11799911
11800788	11800898
11802618	11802709
11804069	11804117
11804214	11804307
11805153	11805243
11805832	11805932
11806905	11807047
11809361	11809412
11822505	11822515
11823908	11823977
11838821	11838897
11839775	11839843
12382585	12385848
12385910	12387663
12387692	12388492
12389589	12389841
12393038	12393084
12393849	12393969
12394870	12395056
12395389	12397309
14427581	14428025
14429559	14430128
14438247	14438480
14447139	14447255
14447788	14447971
14449635	14449683
14451221	14451343
14453996	14454184
14457095	14457209
14458842	14458980
14461031	14461143
14464530	14464592
14465251	14465388
14466038	14466128
14467341	14467468
14471461	14471657
14475936	14476026
14477476	14477545
14484888	14484997
14485481	14485577
14487583	14487650
14492338	14492409
14493510	14493608
14494744	14494899
14636228	14636322
14637132	14638092
14641399	14641659
14645543	14645723
14646671	14646800
14649637	14649795
14651537	14651602
14659290	14659430
14664609	14664827
14665606	14665676
14667820	14667922
14668588	14668770
14669267	14669367
14670775	14670871
14671257	14671448
14677764	14677846
14681899	14681962
14760649	14760888
14762308	14762448
14764243	14765518
14765539	14766152
15462405	15462554
15462891	15463016
15463309	15463419
15463546	15463706
15464347	15464898
15466546	15466677
15466754	15466859
15482708	15482742
15483699	15483811
15485824	15485869
15486488	15486674
15487084	15487177
15489405	15489531
15490876	15490976
15491331	15491431
15492246	15492686
15497922	15498268
15506627	15506742
15506934	15507046
15507281	15507339
15507464	15507556
15507770	15507933
15508041	15508127
15508237	15508352
15508541	15508714
15509746	15509931
15510162	15510374
15510508	15510563
15510884	15510970
15511104	15511274
15511456	15511580
15511669	15511745
15511847	15511935
15512169	15512756
15513126	15513293
15513876	15513979
15514661	15514783
15515071	15515190
15516027	15516133
15516222	15516292
15516385	15516452
15516584	15516739
15516877	15517035
15517192	15517281
15517466	15517585
15518013	15518162
15518243	15518316
15518773	15518926
15519006	15519380
15527567	15528293
15530680	15530781
15530991	15531065
15531191	15531387
15531638	15531746
15531970	15532080
15532178	15532380
15532883	15532961
15533081	15533179
15533275	15533428
15533538	15533638
15533773	15533910
15534068	15534226
15534306	15534485
15534601	15534746
15534842	15534986
15535258	15535446
15535604	15535672
15535850	15535987
15536097	15536270
15573033	15573116
15576963	15577142
15577494	15577609
15579071	15579180
15579789	15579898
15580347	15580445
15582266	15582357
15583047	15583215
15588471	15588755
15590256	15590514
15590909	15591110
15591378	15591522
15591942	15592094
15592458	15592598
15592958	15593114
15593589	15593705
15593963	15594141
15594276	15594411
15594492	15594641
15594769	15595397
15606498	15606876
15607134	15607273
15607368	15607545
15607788	15607835
15608192	15608361
15608813	15608930
15609611	15610285
15618398	15618503
15618524	15618666
15619445	15619585
15620281	15620358
15620784	15620914
15621166	15621415
15621794	15621887
15622153	15622322
15622539	15622738
15622817	15622937
15623048	15623191
15623461	15623640
15623856	15623953
15624298	15624394
15625153	15625294
15625574	15625701
15626269	15626373
15626583	15626681
15626871	15626965
15627283	15627346
15627512	15627622
15627767	15627841
15628225	15628399
15628792	15628939
15629143	15629302
15629561	15629656
15629801	15629914
15637886	15639114
15639807	15639916
15642337	15642486
15642877	15642987
15643907	15643983
15644628	15644822
15644903	15644985
15646068	15646196
15646823	15646945
15649594	15649728
15650461	15650598
15652428	15652527
15653055	15653265
15655481	15655551
15656137	15656219
15657020	15657904
15660486	15660946
15661031	15661112
15661199	15661257
15661526	15661571
15661696	15661750
15661770	15661977
15662080	15662268
15662655	15662822
15662902	15663071
15664218	15664856
15664886	15665772
15688209	15688590
15691537	15691838
15692116	15692796
15706442	15706766
15714568	15714998
15719676	15720143
15913618	15913729
15918487	15918517
15919251	15919386
15920799	15920883
15921647	15921784
15922095	15922189
15923060	15923195
15923906	15925215
15925327	15925692
15926246	15926467
15926758	15926835
15927261	15927392
15928013	15928164
15928554	15928661
15928831	15928900
15929447	15929523
15930043	15930209
15930458	15931654
15949994	15950119
15950403	15950512
15950891	15950993
15951391	15951557
15951853	15951968
15952084	15952237
15952488	15952710
15952887	15952988
15953174	15953323
15953415	15953513
15953940	15954204
15954678	15954789
15954894	15955061
15955170	15955240
15955827	15956438
15963670	15963722
15963965	15964184
15964257	15964390
15964465	15964585
15964660	15964755
15964799	15964947
15965034	15965508
15965531	15965643
15984668	15984759
15985888	15985997
15986418	15986471
15986612	15986728
15986903	15986992
15987116	15987221
15987356	15987426
15987663	15989111
16013477	16014116
16015564	16015624
16015800	16015895
16015985	16016146
16016236	16016361
16017052	16017272
16017406	16017455
16017737	16017819
16017941	16018887
16033806	16033881
16033937	16034026
16034278	16034663
16035697	16035843
16036872	16037534
16038247	16038423
16045250	16045303
16046173	16046455
16046592	16046785
16046949	16047162
16047341	16047460
16047840	16047944
16049070	16049189
16049843	16050018
16050203	16050371
16050455	16050548
16050896	16051085
16051506	16051583
16051742	16051914
16052361	16052517
16053098	16055264
16055389	16055541
16055615	16055731
16055811	16055978
16056221	16056343
16056502	16056666
16056849	16057524
16057612	16058173
16058477	16058664
16058919	16059068
16059309	16059516
16061846	16061878
16061947	16062044
16062131	16062234
16062608	16062800
16062966	16063025
16063167	16063297
16064026	16064160
16064354	16064451
16064588	16064634
16064722	16064814
16064906	16065074
16065163	16066538
16136709	16136778
16137361	16138076
16138341	16138485
16138650	16139027
16139427	16139483
16139579	16139732
16140128	16140219
16140531	16140610
16140928	16141032
16141306	16143448
16158509	16158762
16158869	16159444
16159678	16159868
16160317	16161679
16179513	16180086
16181000	16182290
16218350	16218561
16219786	16219942
16223453	16223790
16224208	16224350
16224915	16225126
16231013	16231164
16231783	16231963
16232498	16232633
16232735	16232909
16233318	16233414
16235095	16235279
16236829	16237042
16237350	16237571
16237889	16238037
16239422	16239616
16240060	16240266
16240859	16240948
16242539	16242705
16243083	16243336
16243580	16243749
16244218	16244391
16245115	16247116
16268450	16268548
16273719	16273877
16277632	16277819
16278061	16278195
16282252	16282366
16284289	16284373
16285864	16285967
16287306	16287435
16288283	16288401
16291910	16292056
16292764	16292864
16294744	16294810
16295269	16295361
16298997	16299065
16299928	16300010
16301538	16301646
16302338	16302418
16303343	16303467
16304280	16304394
16310152	16310258
16314528	16314796
16318733	16318770
16320297	16321088
16323097	16323220
16323708	16323951
16324769	16324864
16326490	16326583
16327205	16327260
16328909	16329051
16330385	16330579
16332266	16332423
16333599	16333722
16335492	16335789
16337014	16337221
16337989	16338089
16338254	16338377
16339819	16340268
16341046	16341099
16341787	16343472
16343493	16344068
16801312	16801410
16804509	16804617
16805471	16805583
16812963	16813142
16814364	16814434
16816570	16816688
16818361	16818941
16823244	16824739
16878998	16879069
16879395	16879514
16880632	16880702
16881674	16881824
16893698	16893805
16896921	16896995
16899357	16899482
16900619	16900681
16902865	16902948
16955086	16955179
16959569	16959618
16963224	16963311
16965028	16965116
16971084	16971174
16976020	16976057
16978993	16979037
16983330	16983359
16990885	16990983
17008439	17008520
17019540	17019686
17029091	17029229
17036090	17036250
17044513	17044701
17053973	17054061
17058390	17058547
17060369	17060456
17060939	17061085
17061655	17061755
17063131	17063305
17063491	17063624
17064831	17065080
17439991	17440056
17441284	17441716
18384640	18384906
18387100	18387234
18389706	18389800
18391435	18391563
18392243	18392334
18393216	18393488
18397544	18397607
18398166	18398307
18399089	18399295
18400748	18401038
18404185	18404565
18405542	18405674
18407249	18407487
18408365	18408538
18410282	18410638
18412258	18412737
18421766	18421886
18422251	18422405
18422792	18422965
18425006	18425128
18430690	18430743
18431515	18431656
18432260	18432357
18432531	18432801
18439396	18439550
18500237	18500280
18507355	18507395
18511051	18511221
18515268	18515407
18521383	18521407
18522511	18522770
18526682	18526978
18528451	18531514
18536781	18537295
18775039	18775140
18777305	18777373
18784579	18784687
18824274	18824446
18830414	18830695
18845258	18845396
18849254	18849390
18851639	18851770
18853395	18853496
18856211	18856277
18858703	18858836
18864907	18865040
18865982	18867605
18869553	18869685
18872981	18873204
19284560	19284651
19284682	19287668
19287974	19288083
19291090	19291201
19292003	19292118
19293282	19294585
19332503	19332629
19341256	19341573
19343133	19343391
19344613	19344689
19345608	19345850
19360485	19360506
19362720	19362789
19478469	19478557
19480492	19481020
19485314	19485367
19486324	19486350
19486629	19486673
19487293	19487337
19488773	19488841
19489522	19489590
19493612	19493680
19494266	19494334
19495511	19495569
19496770	19496841
19497420	19497488
19499054	19499122
19499538	19499606
19501299	19501367
19502409	19502477
19502934	19503002
19505203	19505271
19506082	19506162
19508520	19509070
19509709	19509791
19510505	19510592
19510668	19510757
19512110	19513406
19515399	19515481
19516296	19516361
19517183	19517232
19517760	19517887
19518763	19518898
19519893	19519988
19520471	19520533
19521209	19521343
19521455	19521538
19523278	19523301
19523416	19523852
19523873	19524836
19553955	19553996
19559378	19559666
19561117	19561179
19561295	19561369
19563484	19563591
19564093	19564137
19566033	19566120
19567336	19567475
19570829	19571033
19572715	19572882
19573349	19573433
19574228	19574364
19574695	19579483
19604522	19605734
19607358	19607510
19608025	19608331
19611163	19611178
19614628	19614705
19616206	19616309
19616480	19616654
19616805	19616912
19617004	19617104
19617299	19617370
19617454	19617496
19618102	19618242
19618602	19618785
19618959	19619090
19619821	19619914
19621345	19621370
19624019	19624182
19637497	19637636
19638026	19638184
19639188	19639331
19639957	19640006
19642549	19642615
19646372	19646502
19651717	19651945
19653934	19654113
19654848	19654981
19657149	19657235
19657680	19657745
19657834	19657923
19659436	19659564
19659663	19659715
19660337	19660470
19660952	19661020
19662412	19662546
19665571	19665667
19666091	19666232
19668427	19668531
19669396	19669569
19671027	19671487
19674351	19674439
19680874	19681023
19681555	19681688
19685131	19685241
19686759	19686959
19687754	19687890
19693403	19693488
19700959	19701000
19707982	19708068
19714186	19714310
19716815	19716922
19717443	19717553
19718370	19718540
19720162	19720371
19721635	19721774
19722383	19724831
19744797	19744805
19760101	19760235
19763406	19763510
19763773	19763872
19771220	19771320
19772433	19772579
19776165	19776310
19813606	19813668
19819209	19819305
19820177	19820293
19821135	19821239
19823103	19823186
19823862	19824064
19824423	19824521
19825117	19825231
19825602	19825728
19825872	19826038
19827157	19827165
19827173	19827304
19827539	19827692
19830167	19830255
19831790	19831919
19845748	19845827
19848871	19848891
19851807	19852012
19867359	19867431
19870997	19871014
19970053	19970127
19970216	19970268
19971414	19971559
19978818	19978976
19979683	19979925
19982639	19982729
19986766	19986878
19988226	19988341
19988478	19988557
19988762	19988816
19989791	19989907
19990067	19990131
19993424	19993502
19995099	19995248
19996598	19996705
19997373	19997462
19999023	19999195
19999236	19999287
20000879	20000961
20001041	20001096
20001515	20001729
20002072	20002190
20002209	20002294
20004216	20004274
20005545	20005748
20021089	20021151
20021269	20021375
20024920	20024977
20027773	20027853
20028573	20028776
20029246	20029332
20029781	20029911
20030496	20030628
20030753	20030876
20031236	20031322
20033211	20033306
20034000	20034443
20034491	20035900
20168286	20168441
20169671	20169774
20171918	20172008
20172923	20173065
20173870	20173948
20174091	20174180
20176270	20176377
20176880	20176985
20180402	20180544
20181911	20182020
20182418	20182505
20184046	20184129
20185504	20185659
20186409	20186501
20195833	20195843
20198885	20198994
20198999	20199093
20201541	20201695
20201893	20202187
20218650	20218748
20218836	20218908
20219963	20220072
20221421	20221535
20224731	20224821
20230008	20230123
20237515	20237604
20237829	20237991
20238084	20238183
20238676	20238801
20239728	20239874
20240199	20240312
20240679	20240812
20241797	20241941
20242766	20242906
20243885	20244010
20244688	20246639
20296218	20296287
20296600	20296675
20298350	20298470
20303811	20303990
20304221	20304342
20304843	20304947
20305285	20305391
20307837	20307988
20309213	20309329
20313149	20317173
20338182	20338227
20343765	20343931
20346457	20346606
20349934	20350082
20350760	20350802
20354553	20354716
20363186	20363283
20363973	20364020
20364904	20364968
20365015	20365071
20365154	20365366
20365649	20365834
20382934	20382994
20385737	20385743
20386920	20386942
20389300	20389330
20390598	20390622
20394684	20394770
20401052	20401126
20422302	20422374
20422946	20423019
20431023	20431382
20433793	20433832
20435434	20435489
20439812	20439929
20458619	20458668
20462655	20462969
20472118	20472295
20472324	20472495
20478000	20478127
20478594	20478673
20480414	20480669
20482103	20482234
20484571	20484781
20485220	20485413
20485548	20485636
20486400	20486527
20487469	20487564
20488027	20488088
20489326	20489483
20490430	20490579
20491317	20491432
20492355	20492544
20492630	20492713
20492920	20492999
20493154	20493231
20493332	20493434
20494025	20494198
20495204	20495302
20495679	20495789
20495874	20495972
20496304	20496429
20499596	20499743
20500643	20500703
20501158	20501230
20501733	20502041
20502878	20503302
20503622	20503715
20503931	20504149
20509493	20509520
20510422	20510457
20512130	20512271
20513724	20513795
20514302	20514486
20514771	20514860
20515124	20515201
20515809	20515885
20516585	20516683
20517627	20517737
20518927	20519040
20519156	20519288
20520667	20520696
20524252	20524388
20561559	20561642
20580290	20580347
20583603	20583615
20589527	20589553
20592131	20592187
20596933	20596966
20597308	20597349
20604186	20604213
20608249	20608362
20610870	20610930
20621252	20621301
20626131	20626159
20640020	20640161
20641243	20641331
20644297	20644379
20646161	20646212
20650007	20650153
20669792	20669956
20693627	20693699
20694761	20694825
20703209	20703340
20713788	20713900
20713949	20714095
20715001	20715054
20715277	20715456
20717070	20717191
20718642	20718825
20723691	20723775
20726212	20726272
20726992	20727068
20728180	20728326
20729633	20729748
20732792	20732880
20735073	20735123
20739539	20739660
20740860	20740948
20741367	20741397
20741634	20741712
20742878	20743024
20744178	20744275
20747268	20747393
20747855	20748033
20754098	20754188
20756408	20756458
20757090	20757177
20757512	20757576
20765861	20765915
20767431	20768700
20786651	20786840
20795130	20795153
20805515	20805583
20809617	20809704
20813889	20813990
20814755	20814820
20815774	20815802
20815920	20816057
20821986	20822072
20825660	20825734
20830993	20831099
20836853	20836988
20841153	20841347
20842057	20842120
20842429	20842501
20842596	20842762
20843133	20843212
20882394	20882513
20882892	20883002
20884417	20884560
20885049	20885126
20885804	20885992
20886428	20886568
20886985	20887134
20887713	20887849
20888150	20889957
21286328	21286394
21288522	21288630
21307017	21307124
21309106	21309305
21310034	21310246
21312748	21312910
21313268	21313448
21314206	21314327
21319393	21319675
21327639	21327725
21935906	21936163
21936276	21936304
21936539	21936644
21941485	21942160
21942492	21943247
21948972	21949597
21950171	21950453
21972606	21972897
21973479	21974289
21990609	21991017
21991426	21991730
22029998	22030237
22039833	22039891
22040610	22040668
22042602	22042649
22043638	22043684
22052972	22053044
22054335	22054411
22055162	22055254
22055924	22055962
22056366	22056491
22057107	22057183
22059151	22059657
22423199	22423218
22425122	22425224
22425705	22425725
22429454	22429576
22429667	22429813
22429895	22430105
22430315	22430404
22430480	22430572
22430701	22430781
22431474	22431617
22432450	22432575
22432662	22432733
22435783	22436128
22436163	22436495
22436516	22438292
22488484	22488561
22489081	22489097
22498737	22498826
22502492	22502576
22506780	22506900
22506983	22507057
22508671	22508742
22509544	22509623
22511215	22511295
22512372	22512497
22514488	22514596
22515021	22515148
22517740	22517791
22520013	22520089
22521246	22521358
22522874	22522943
22523934	22523995
22525759	22525848
22526264	22526363
22527901	22527958
22535019	22538324
22689479	22689507
22690000	22690053
22690146	22690191
22694092	22694214
22694340	22694466
22696115	22696225
22696566	22696745
22697644	22697773
22698982	22699078
22699400	22699560
22700946	22701138
22765736	22765831
22768697	22768819
22770328	22770381
22771083	22771196
22771314	22771478
22771979	22772111
22772552	22772655
22773492	22773584
22778290	22778364
22782566	22782731
22783679	22783809
22785845	22785952
22788351	22788488
22789367	22789454
22789653	22789906
22792197	22792334
22792659	22792722
22793318	22793396
22794654	22794798
22795908	22796052
22796927	22796969
22797594	22797716
22798609	22798717
22817532	22817706
22819752	22819947
22821211	22821352
22822073	22822190
22823150	22823254
22824557	22826238
22832635	22832758
22833869	22834024
22834665	22834801
22835730	22835894
22837059	22837102
22837677	22837792
22838497	22838562
22848494	22848580
22848635	22848684
23683039	23683199
23700064	23700157
23706558	23706630
23706706	23706884
23708630	23708777
23709783	23712288
23873275	23873422
23875617	23875723
23875815	23875944
23877208	23877275
23877927	23878056
23879912	23879997
23880325	23880384
23880478	23880615
23881274	23881385
23883016	23883110
23883419	23883509
23884830	23884875
23885249	23885403
23886756	23886910
23889499	23889648
23891033	23891109
23893330	23893480
23894200	23894298
23894735	23894814
23895155	23895241
23895835	23895925
23896610	23896717
23896923	23897042
23898438	23898557
23899083	23899181
23899391	23899510
23900214	23902514
24033921	24033940
24038455	24038504
24039342	24039398
24042022	24042058
24043298	24043396
24043852	24044060
24044843	24045537
24049130	24049202
24055293	24055381
24058427	24059650
24062174	24062254
24062621	24062748
24063751	24063870
24065216	24065267
24065923	24066303
24071201	24071296
24071701	24072944
24329089	24329164
24329657	24329790
24331029	24331194
24332911	24332961
24334291	24334373
24334554	24334685
24335588	24335681
24335900	24335977
24337170	24337213
24337570	24337707
24339034	24339123
24339860	24339973
24340749	24340863
24342605	24342732
24342995	24343111
24343867	24343968
24344970	24345125
24346028	24346161
24346607	24346660
24347018	24347165
24347636	24347755
24348891	24349007
24350301	24350408
24352304	24352366
24418176	24418245
24419411	24419442
24420011	24420138
24421620	24421911
24422461	24422566
24425127	24425304
24425684	24425835
24426912	24427052
24428598	24428760
24429256	24429349
24462262	24462312
24476524	24476615
24481807	24481968
24483247	24483328
24483512	24483639
24484468	24484550
24486612	24486697
24488248	24488554
24489760	24489866
24493248	24493334
24494766	24494849
24496362	24496460
24496560	24497140
24497842	24497974
24498531	24498650
24499794	24500097
24501015	24501100
24501410	24501499
24502958	24503126
24504152	24504285
24504664	24504823
24504921	24505023
24505739	24505895
24506378	24506536
24506870	24507029
24507307	24507395
24508180	24508761
24509348	24509523
24509877	24510030
24511224	24511352
24511662	24511967
24512077	24512226
24513131	24513288
24513731	24513855
24514660	24514786
24515855	24516003
24516817	24516950
24517645	24517746
24518885	24518980
24519087	24519211
24520400	24520540
24520635	24520765
24521803	24521912
24522484	24522601
24523248	24523345
24524240	24524329
24525478	24525587
24526187	24526359
24526800	24526894
24528703	24528819
24529506	24529667
24530716	24530864
24531517	24531652
24534223	24538026
24538048	24538480
24538503	24538756
24548214	24548258
24548433	24548482
24548567	24548733
24553741	24553886
24554534	24554701
24555364	24555442
24557033	24557148
24557559	24557613
24559005	24559125
24559964	24560075
24560629	24560693
24562455	24562544
24562713	24562845
24564297	24564309
24565782	24565930
24592581	24592685
24593299	24593395
24597637	24597662
24602913	24603080
24610928	24611104
24621783	24621880
24622641	24622787
24623826	24623950
24624866	24625051
24627528	24627686
24631863	24631949
24632281	24632448
24635899	24640137
24778040	24778333
24784433	24784786
24785043	24785161
24787862	24789218
24789265	24789424
24807625	24807641
24820546	24820643
24821833	24822183
24822651	24822754
24823674	24824449
24824471	24824628
24838011	24838164
24842460	24842552
24847700	24847738
24849761	24850099
24851556	24851665
24852266	24852355
25545220	25545263
25545431	25545699
25549821	25550051
25550582	25550737
25552599	25552768
25553805	25553960
25562337	25562481
25562777	25563126
25564239	25564383
25568074	25568190
25570739	25570891
25580393	25580655
25582772	25582868
25585290	25585331
25591321	25591601
25710419	25710540
25711638	25711761
25712122	25712188
25712832	25712957
25713413	25713543
25714170	25714328
25715333	25715426
25718037	25718236
25742695	25742791
25743469	25743575
25744171	25744222
25744787	25744841
25745403	25745499
25746335	25746462
25749536	25752345
25752394	25752485
25766260	25766325
25777884	25777992
25778677	25778903
25787766	25787842
25796693	25796756
25798875	25798957
25799637	25799700
25801977	25802049
25802526	25802599
25803470	25803535
25806371	25806442
25808808	25808974
25810909	25810993
25811767	25811857
25813424	25813472
25814997	25815096
25817607	25817678
25818446	25818532
25818687	25818767
25820696	25820746
25821219	25821282
25822539	25822644
25824084	25824203
25825162	25825330
25827157	25827268
25835372	25835462
25837642	25837696
25841319	25844501
25856497	25857418
25861331	25861437
25872819	25872899
25897060	25897088
25897575	25898196
25898602	25898705
25900130	25900238
25901588	25901711
25902828	25902967
25903247	25903419
25903803	25903966
25904450	25904668
25905518	25905602
25906637	25906751
25907204	25907323
25918724	25919261
25922448	25922523
25922945	25923069
25925539	25925653
25926696	25926797
25927621	25927725
25928233	25928343
25929448	25929538
25930119	25930321
25931274	25931358
25932564	25933893
26104874	26104987
26108291	26108437
26110033	26110133
26112910	26113052
26114468	26114650
26116096	26116306
26119098	26119242
26143587	26143746
26154363	26154437
26156689	26156723
26158358	26158458
26162816	26162851
26163540	26163591
26166961	26167080
26168865	26169031
26173439	26173601
26176404	26176516
26176522	26176717
26328287	26328381
26329027	26329133
26329948	26330063
26330460	26330614
26331261	26331306
26331497	26331582
26331749	26331889
26332002	26332107
26333020	26333152
26333681	26333753
26334463	26334528
26353269	26353323
26355818	26355841
26357437	26357538
26360178	26360233
26363613	26363746
26375833	26375907
26379910	26379997
26552667	26552786
26556552	26556626
26557839	26557916
26559543	26559614
26560444	26561313
26749569	26749658
26751570	26751714
26752184	26753100
26755437	26755797
26756654	26756822
26757290	26757386
26757787	26757864
26758825	26759001
26760582	26760753
26761144	26761314
26763025	26763076
26765537	26765699
26766490	26766621
26766857	26766985
26767299	26767369
26767724	26767790
26768079	26768281
26768422	26768487
26769886	26769984
26770498	26770662
26772745	26772856
26773151	26773228
26773340	26773473
26775374	26775541
26775804	26775921
26776453	26776610
26777346	26777468
26777964	26778140
26778524	26778569
26779089	26779150
26779763	26779912
26780161	26780257
26781826	26781873
26788579	26789262
26789812	26789933
26790834	26790911
26791588	26791626
26792221	26792352
26794349	26794379
26795555	26795640
26796595	26796666
26797072	26797268
26798381	26798438
26800246	26800282
26804533	26804703
26805448	26805528
26806482	26806575
26807379	26807487
26808249	26808383
26809335	26809794
26810271	26810341
26813244	26813275
26814712	26814768
26815786	26815899
26816277	26816391
26816950	26817107
26817728	26817851
26818834	26819025
26819941	26820014
26820498	26820591
26821377	26821498
26822826	26822893
26840881	26840902
26843867	26843936
26846303	26846322
26847325	26847519
26851093	26851146
26851916	26851986
26852613	26852729
26853882	26854091
26854498	26854576
26856240	26856370
26856576	26856650
26857269	26857406
26858177	26858256
26859131	26859334
26859468	26859766
26860036	26860320
26860546	26860645
26861174	26865098
26912043	26912098
26914067	26914142
26914256	26914363
26915716	26915950
26916720	26916915
26917879	26917922
26920963	26920988
26921835	26921894
26923916	26923948
26925887	26925936
26927732	26927791
26928754	26928812
26931608	26931658
26935313	26935461
26935736	26935820
26937264	26937310
26938389	26938490
26944194	26944373
26946233	26946313
26946937	26947052
26947817	26947912
26948772	26948888
26949573	26949660
26950031	26950054
26953506	26953665
26954852	26955019
26959810	26967672
26968220	26968315
26969228	26969371
26969655	26969741
26970637	26970726
26971998	26972029
26973210	26973267
26974154	26974332
26974937	26975035
26975970	26976079
26978936	26979068
26979467	26979563
26981200	26981346
26982276	26982447
26982724	26982785
26983485	26983603
26984206	26984288
26988175	26988199
26992334	26992706
26993557	26993618
26993860	26993934
26994745	26994838
26995463	26995530
26995919	26996037
26996349	26997291
27082247	27082299
27082326	27082405
27084644	27084807
27087307	27087450
27087494	27087614
27092845	27092987
27103696	27103763
27106902	27106992
27240650	27240736
27241618	27241772
27244729	27244798
27245668	27245712
27246184	27246321
27246939	27247026
27247472	27247588
27249272	27249483
27258052	27258060
27975948	27976088
27978977	27979068
27981200	27981254
27981701	27981779
27984300	27984466
27984999	27985070
27985762	27985809
27986860	27986985
27988434	27988508
27994695	27994814
28002128	28002252
28002701	28002847
28007687	28007870
28009778	28009889
28011809	28012121
28015039	28015239
28017524	28017645
28018750	28018853
28024399	28024477
28027904	28028165
28029181	28029279
28029924	28030111
28030165	28030344
28031199	28031902
28052568	28052743
28055499	28055751
28056274	28056356
28056934	28057029
28057325	28057418
28057809	28057977
28058224	28058323
28059129	28059374
28059581	28059755
28060353	28060531
28060621	28062004
28081683	28081938
28082538	28082559
28084238	28084404
28086393	28086494
28087179	28087293
28089129	28089208
28090355	28090522
28090671	28090905
28091668	28091880
28092277	28092398
28093008	28093205
28093297	28093398
28094679	28094858
28095305	28095391
28095519	28095789
28096064	28096209
28096297	28096443
28096565	28096690
28097091	28097312
28097563	28097745
28097838	28097949
28098037	28098157
28098430	28098561
28099420	28099692
28100175	28100391
28101312	28101934
28182729	28182812
28191239	28191317
28197462	28197532
28201425	28201655
28202895	28202982
28204766	28204908
28206252	28206464
28207377	28207455
28210563	28210677
28213596	28213678
28214925	28215042
28217337	28217405
28218104	28218244
28220328	28220411
28221382	28221631
28233909	28234164
28236056	28236127
28237838	28237916
28238962	28239079
28239304	28239316
28239657	28240037
28240630	28240717
28241582	28241665
28242885	28243030
28243838	28243920
28245071	28245153
28246248	28246339
28248521	28248786
28258159	28258312
28259532	28259707
28260301	28260472
28261573	28261721
28263296	28263348
28263517	28263583
28264636	28264741
28266429	28266484
28266590	28266673
28269882	28269959
28270867	28270942
28271207	28271280
28271367	28271418
28272115	28272181
28273036	28273144
28273497	28273535
28274599	28274692
28275374	28275464
28275679	28275876
28276099	28276231
28276638	28276688
28277862	28278085
28278422	28278526
28279277	28279411
28284450	28284522
28289247	28289335
28289858	28290000
28290903	28291058
28293763	28293873
28294944	28295140
28295546	28295669
28296172	28296363
28296659	28296824
28297364	28297511
28298411	28298483
28299500	28299586
28300634	28300737
28301314	28301485
28301924	28302126
28302690	28302791
28303688	28303823
28304464	28304701
28305057	28305247
28305859	28305983
28307237	28307389
28308338	28308454
28312272	28312292
28396955	28396994
28402546	28402690
28403319	28403373
28404506	28404596
28410523	28410538
28414177	28414217
28414407	28414501
28418571	28418646
28420429	28420598
28423026	28423168
28425953	28426053
28426619	28427962
28429200	28429295
28431652	28431802
28432176	28432279
28435389	28435513
28436117	28436302
28439899	28440033
28442814	28442916
28443955	28444051
28447550	28447633
28449433	28449542
28452960	28453080
28455083	28455196
28458801	28458953
28460965	28461063
28462214	28462343
28462956	28463102
28463503	28463617
28464382	28464467
28465825	28465937
28471430	28477904
28484254	28484296
28485792	28485936
28489640	28489852
28491490	28491634
28491901	28492027
28492877	28492922
28494254	28494433
28496240	28497933
28562997	28563097
28609831	28609898
28619364	28619559
28624851	28624884
28632016	28632113
28677389	28677519
28681852	28681913
28697882	28697950
29906989	29907312
29914950	29917507
30168036	30168164
30169640	30169784
30177783	30177888
30180656	30180741
30182237	30182335
30183141	30183233
30185102	30185180
30186744	30186829
30187445	30187596
30188731	30188889
30189821	30189913
30190744	30190803
30191683	30191776
30194910	30194993
30195240	30195359
30196618	30196753
30198129	30198181
30198980	30199074
30199617	30199753
30200180	30200371
30201610	30201676
30202154	30202262
30204864	30205000
30210132	30210260
30210909	30211053
30211746	30211844
30213125	30213220
30213869	30213947
30214573	30214664
30214890	30215041
30215300	30215458
30216473	30216565
30217004	30217063
30218206	30218235
30218322	30218415
30219286	30219327
30219816	30219899
30220456	30220554
30221037	30221172
30222954	30223009
30223970	30224064
30226091	30226230
30227386	30227574
30228060	30228135
30228594	30228696
30229650	30229844
30229953	30230066
30230242	30230361
30230444	30230553
30231359	30231532
30232880	30233018
30389009	30389087
30390483	30390598
30392081	30392309
30392483	30392555
30393548	30393641
30394325	30394439
30395087	30395312
30397528	30397704
30399735	30403981
30451063	30451086
30453041	30453125
30454034	30454114
30456098	30456150
30468436	30468514
30472687	30472832
30473481	30473567
30474722	30474780
30475504	30475585
30480071	30480190
30481337	30481370
30486313	30486425
30526933	30527427
30529242	30529615
30531680	30532056
30538002	30538101
30609569	30609671
30610757	30610950
30613302	30613453
30614406	30615864
30616412	30616530
30616554	30616647
30616800	30617038
30617679	30618066
30618959	30619163
30619244	30619392
30619951	30620081
30620220	30620291
30621278	30621403
30644242	30644272
30653511	30653578
30657728	30657887
30658707	30658822
30659146	30659272
30662263	30662505
30664354	30665013
30666114	30666413
30667171	30667277
30667861	30667911
30796561	30796658
30798373	30798406
30802044	30802055
30807162	30807171
30811707	30811793
30827589	30827660
30829832	30829912
30837000	30837224
30838643	30838656
30839909	30839941
30840556	30840588
30841223	30841276
30844803	30844913
30846579	30846656
30849202	30849236
30849837	30849890
30851333	30851360
30852170	30852223
30852950	30853003
30854042	30854086
30855035	30855088
30855952	30855996
30858277	30858330
30860142	30860240
30860695	30860739
30860843	30860941
30861337	30861390
30861898	30862005
30862516	30862569
30863280	30863378
30864026	30864079
30864586	30864684
30864780	30864833
30864932	30864985
30865480	30865533
30866098	30866151
30866481	30866525
30866961	30867059
30867801	30867908
30868033	30868086
30869541	30869594
30869716	30869769
30870784	30870837
30871614	30871721
30871828	30871881
30872102	30872136
30873209	30873370
30873471	30873578
30874490	30874576
30874746	30874799
30875123	30875222
30875330	30875383
30876659	30876766
30877603	30877656
30878361	30878468
30880362	30880653
30880816	30881003
30882801	30883025
30883830	30885461
31425372	31425506
31432100	31432489
31436655	31436790
31442129	31442248
31444291	31444342
31448958	31448991
31449482	31449714
31453798	31453820
31455035	31455073
31458310	31458486
31459518	31459628
31460101	31460190
31465854	31466036
31466397	31466499
31469209	31469329
31473690	31473714
31478380	31478611
31479556	31479652
31482035	31482178
31483457	31483519
31488708	31488773
31489934	31490083
31495084	31495264
31498474	31498527
31504330	31504433
31504883	31504982
31506016	31506138
31507693	31507803
31508717	31508829
31510892	31510983
31515939	31516105
31516633	31516691
31517450	31517603
31518804	31518864
31518974	31519040
31519419	31519534
31523585	31523690
31524560	31524778
31525131	31525172
31530944	31531183
31531208	31532518
31532539	31534827
31534848	31535056
32802263	32802398
32806946	32807012
32807325	32807413
32807714	32807897
32808100	32808206
32808876	32809094
32809433	32809588
32809793	32809888
32810030	32810119
32810298	32810438
32810691	32810875
32811560	32811804
32812044	32812263
32812396	32812882
32813184	32814256
32814283	32814349
32844215	32844544
32846046	32846096
32846912	32847091
32847845	32847988
32850312	32850476
32850788	32853259
32853345	32853437
32853635	32853811
32854509	32854764
32856521	32856579
32856753	32856927
32857530	32857666
32858196	32858307
32860893	32861157
32861395	32861482
32862021	32862237
32863120	32863358
32864249	32864715
32865837	32866413
32867047	32867280
32868222	32868386
32869966	32870112
32870660	32870811
32872131	32872345
32872813	32873003
32874288	32874450
32874904	32875047
32879170	32879399
32879821	32879940
32882584	32882811
32884054	32884224
32885476	32885628
32886012	32886182
32886444	32887547
32889377	32889904
32890556	32890649
32891092	32891246
32894017	32894214
32894460	32894633
32895235	32895430
32896498	32896711
32897185	32897335
32899515	32900231
32900819	32901099
32901355	32901454
32903352	32903516
32904271	32904506
32905635	32905723
32906474	32906636
32907133	32907260
32908593	32908723
32936510	32936579
32944567	32944686
32955348	32955593
32958962	32959090
32959637	32959756
32960571	32960768
32961614	32961705
32961966	32962076
32962819	32962942
32963201	32963310
32963768	32963870
32964868	32964932
32965252	32965345
32965806	32965925
32966644	32966758
32967667	32967806
32973908	32974044
32974499	32974579
32974775	32974902
32975980	32976094
32977236	32977437
32977612	32977721
32977845	32977925
32979007	32979130
32979393	32979514
32979821	32979932
32980136	32980245
32980352	32980482
32980980	32981148
32982363	32982533
32985061	32985093
32986530	32986604
32987120	32987294
32988880	32989003
32989330	32991317
33006740	33006805
33006986	33007094
33007394	33007512
33007888	33007985
33008093	33008120
33008671	33008727
33010054	33010104
33010261	33010410
33010745	33010841
33011030	33011135
33011331	33011396
33011801	33011881
33012160	33012330
33012634	33012712
33012799	33012990
33056715	33056841
33057841	33057951
33067554	33067646
33067852	33067908
33068920	33069062
33069149	33069239
33071301	33071438
33072104	33072152
33072735	33072789
33073371	33073427
33073950	33074046
33074272	33074378
33075439	33075571
33076830	33076911
33077309	33077367
33077949	33078061
33078610	33078733
33080366	33080485
33080727	33080866
33081570	33081701
33084034	33084252
33084753	33084883
33085284	33085381
33086398	33086491
33087116	33087198
33087657	33087737
33088586	33088679
33090167	33090283
33094111	33094220
33097420	33097509
33098154	33099327
33325703	33325717
33326583	33326599
33334985	33335109
33337446	33337559
33338588	33338683
33339794	33339868
33345751	33345990
33351687	33355466
33355715	33355921
33356320	33356451
33360618	33360679
33366144	33366297
33368402	33368745
33379550	33379642
33381164	33381245
33381745	33381857
33382492	33382707
33520781	33520876
33521453	33521587
33521730	33521816
33522227	33522349
33607215	33607224
33612514	33612563
33621564	33621711
33626084	33626133
33628593	33628725
33636847	33636866
33696686	33696830
33702720	33702829
33706724	33706868
33707447	33707536
33707943	33707999
33710340	33710432
33715004	33715093
33716208	33716336
33716900	33717006
33718273	33718414
33719552	33719629
33721243	33721341
33722022	33722117
33725954	33726143
33727202	33727359
33728135	33728263
33730715	33730859
33731215	33731425
33732477	33732666
33734731	33734796
33739818	33739937
35447114	35447202
35449504	35449592
35450800	35450951
35451076	35451232
35452393	35452518
35452607	35452714
35453905	35453990
35455111	35455200
35456220	35456348
35457586	35457678
35462036	35462218
35463938	35464093
35464586	35464774
35700354	35700464
35700800	35700964
35704175	35704204
35704594	35704694
35704826	35704963
35706359	35706449
35711968	35712129
35712399	35712461
35712604	35712804
35950891	35951035
35952238	35952389
35952625	35952702
35953330	35953423
35953753	35953865
36001542	36001783
36010023	36010170
36011040	36011657
36015408	36016010
36019965	36020567
36022801	36023400
36024661	36025227
36028005	36028622
36029752	36030351
36030931	36031533
36031925	36032527
36034179	36034525
36035003	36035081
36035419	36035564
36036785	36036877
36037270	36037323
36038254	36038325
36039219	36039245
36039362	36039406
36039513	36039566
36039732	36039794
36040198	36040263
36040948	36041001
36041560	36041595
36042100	36042162
36042434	36042496
36043196	36043258
36043712	36043774
36043961	36044011
36044134	36044169
36044266	36044328
36044464	36044526
36045164	36045196
36045289	36045325
36045572	36046076
36046631	36046730
36047226	36047924
36049002	36049110
36049867	36050147
36051688	36051942
36053472	36053546
36055451	36055630
36055746	36055799
36058564	36058734
36058845	36059720
36178947	36179115
36181458	36181544
36182454	36182575
36184064	36184143
36187554	36187608
36191867	36191950
36426341	36426491
36429369	36429489
36434445	36434566
36442984	36443124
36444924	36445036
36448393	36448509
36449252	36449450
36451824	36452053
36457792	36458049
36459621	36459807
36466272	36466405
36467843	36467963
36471091	36471137
36476791	36476898
36477196	36477251
36477726	36477813
36478695	36478814
36481175	36481272
36487213	36487331
36488901	36489067
36492648	36492699
36493747	36493928
36493948	36494073
36784657	36784800
36786274	36786370
36787186	36787378
36788036	36788450
36789571	36789693
36790463	36791348
36800211	36800536
36802852	36802962
36804073	36804486
36812103	36812699
36814046	36814990
36817254	36817385
36817492	36817579
36818266	36818485
36821768	36822761
37988133	37988276
37989076	37989146
37989899	37989951
37991769	37991831
37992954	37992995
37993642	37995022
38034688	38036500
38040015	38040559
38043192	38043272
38043365	38043424
38043605	38043743
38043845	38043948
38044036	38044062
38044159	38044329
38044535	38044597
38044677	38044763
38044902	38044955
38045034	38045183
38045304	38045366
38045536	38045580
38046513	38046653
38046735	38046797
38046911	38046937
38047031	38047075
38047197	38047259
38047614	38047649
38047720	38047809
38047947	38047976
38048086	38048112
38048273	38048335
38048467	38048541
38048635	38048670
38048789	38048842
38049055	38049120
38049308	38049379
38049574	38049607
38049739	38049801
38049901	38049944
38051477	38051737
38051815	38052012
38052294	38052409
38052492	38052705
38087774	38087917
38088196	38088219
38088993	38089025
38089553	38089669
38090173	38090304
38090575	38090724
38093026	38093169
38095517	38095558
38099486	38099561
38099655	38099773
38103885	38103911
38106149	38106322
38122553	38122887
38123614	38123743
38125332	38125532
38125829	38125988
38126123	38126245
38126541	38126561
38126976	38127029
38127780	38127824
38127929	38127955
38128252	38128278
38128374	38128418
38128656	38128709
38129221	38129283
38129762	38129824
38129986	38130039
38130121	38130156
38130329	38130391
38132262	38132324
38132435	38132605
38138799	38138834
38140530	38140661
38141742	38141851
38142123	38142306
38142507	38142681
38143006	38143035
38143780	38145853
38173281	38173490
38174232	38174830
38175303	38175323
38175971	38176036
38176457	38176510
38176592	38176636
38176815	38176841
38177162	38177188
38177291	38177335
38178663	38178716
38179123	38179185
38179432	38179494
38179938	38180027
38180825	38180887
38181250	38181312
38181437	38181499
38181961	38182023
38182436	38182486
38183435	38183470
38183878	38183940
38184184	38184246
38184451	38184486
38184708	38184753
38184879	38185031
38185205	38185657
38185933	38185971
38188683	38188934
38193016	38193623
38252843	38253101
38254152	38254296
38254590	38254700
38256870	38256936
38258366	38258491
38259047	38259227
38259473	38259596
38259889	38261101
