10956	11360
17249	17339
18053	18295
18978	19031
20544	20619
22655	22825
23402	23519
24825	24976
26861	26981
30660	30883
32796	33039
33413	33578
33792	33920
34353	34496
35717	35939
36529	36696
37027	37179
43939	43945
44483	44802
45613	45944
46680	46775
48846	51952
102412	102496
103217	103298
103546	103621
104210	104254
365190	365463
365951	366145
370485	370681
372190	372354
372525	372666
372874	373001
373624	373778
374587	374712
375556	375703
376416	376508
376737	377431
377967	378184
378692	378796
379541	379641
381052	381204
381816	381878
382557	382801
383548	383632
384123	384276
384560	384699
384805	384885
385454	385579
386037	386158
387391	387484
388269	388403
389386	389459
390032	391902
538699	538838
539048	539133
539701	539804
540235	540667
603584	603709
604224	604376
620539	620645
621280	621376
621948	622070
622162	622310
623745	623907
624299	624390
624756	624897
625297	625436
625981	626155
626487	626588
627170	627364
627715	627797
628088	628232
628464	628568
628710	628759
628852	629026
629476	629608
629998	630076
630522	630700
631321	631484
632254	632464
632802	632889
633291	633888
634587	634679
635527	635607
779243	779878
780111	780451
781168	781370
781634	781827
782171	782311
782541	782820
783917	784131
784305	784366
784497	784611
785431	785532
786357	786497
786839	786965
787520	787651
788196	788331
789074	789231
790082	790204
790886	791013
791473	791573
792031	792173
792279	792325
792945	793161
795835	795974
808925	809432
812500	814107
815386	815519
816029	816155
816401	816783
817053	817152
817442	817592
818235	818302
819193	819266
819755	819820
819958	821516
1140194	1140346
1141936	1143815
1153930	1154037
1154407	1154547
1155634	1155749
1156227	1156341
1156548	1156649
1157013	1157150
1157991	1158268
1158915	1159092
1159369	1159575
1160196	1160295
1160466	1160815
1161792	1161914
1162418	1162504
1163226	1163360
1164473	1164595
1165614	1165699
1166634	1166730
1167102	1167306
1167730	1168746
1197047	1197247
1197366	1197498
1197593	1197784
1198157	1198275
1208162	1208273
1208410	1208593
1208928	1209058
1209257	1209442
1209678	1209821
1210591	1210702
1210937	1211009
1211084	1211287
1211653	1211743
1211928	1212050
1212275	1212425
1212621	1212696
1212868	1212939
1213054	1213146
1213418	1214092
1221446	1221570
1221865	1221970
1222237	1222348
1223453	1223743
1224444	1224671
1226085	1226162
1226869	1227065
1227808	1227861
1229187	1229314
1231302	1231420
1231615	1231677
1233098	1234039
1240941	1241555
1241915	1242078
1242780	1242833
1243509	1243605
1243879	1244027
1247196	1247252
1248729	1248860
1301504	1301546
1301678	1301724
1302319	1302337
1302364	1302616
1312081	1312213
1312737	1312875
1313676	1313785
1314444	1314525
1314889	1314987
1315895	1316001
1316422	1316532
1316638	1316847
1317543	1317713
1318329	1318451
1319111	1319274
1320104	1320254
1320759	1320862
1321382	1321463
1322708	1322853
1323541	1323691
1324894	1325028
1325389	1325535
1325704	1325892
1326425	1326525
1326630	1326718
1327684	1327808
1332422	1332469
1333872	1333961
1334929	1335047
1344935	1345078
1346133	1346229
1347699	1347806
1350514	1350570
1350871	1350915
1353620	1353661
1353991	1354278
1360794	1360946
1360993	1361115
1362318	1362826
1362966	1363079
1363279	1363475
1363580	1363679
1363793	1363836
1364150	1364246
1364280	1364392
1365483	1365873
1366290	1366431
1366437	1366517
1366988	1367164
1367188	1367259
1370600	1370863
1372297	1372394
1372799	1372979
1373440	1373550
1374230	1374283
1755535	1755569
1755602	1755624
1757202	1757346
1757710	1757858
1758090	1758203
1758913	1759045
1759261	1759330
1759703	1759805
1760010	1760106
1760557	1760633
1761132	1761222
1762540	1762711
1762907	1762980
1763074	1763195
1764808	1764921
1765284	1765460
1766290	1766436
1766643	1766750
1767218	1767288
1767643	1767752
1769492	1769655
1770207	1770336
1770473	1770558
1770846	1771130
1771515	1771788
1771809	1771937
1771960	1772280
1791623	1791671
1792333	1792474
1792488	1792507
1794326	1794486
1794625	1794717
1795004	1795067
1795163	1795326
1796260	1796445
2335195	2335347
2337820	2337908
2338236	2338477
2339705	2339945
2340279	2340438
2552396	2552470
2553060	2553160
2553776	2553929
2555339	2555497
2556262	2556327
2556773	2556874
2569326	2569370
2569896	2569901
2576013	2576209
2576486	2576633
2576810	2577026
2577766	2577997
2578651	2578815
2579429	2579560
2580051	2580234
2580321	2580419
2583058	2583166
2661656	2662160
2665079	2665400
2670146	2670428
2803033	2803090
2806677	2806760
2807926	2808102
2809599	2809685
2811269	2811393
2811795	2811912
2815265	2815399
2816709	2816749
2817317	2817433
2817704	2817791
2818624	2818746
2819805	2819928
2820628	2820695
2821181	2821305
2821991	2822041
2822283	2822364
2823713	2823789
2824177	2824356
2824868	2824982
2825096	2825308
2825657	2825793
2826499	2826596
2827574	2827762
2829365	2829676
2830318	2830449
2831325	2831502
2832182	2832294
2833590	2833742
2834276	2834354
2836522	2837375
2923546	2923699
2924011	2924051
2924624	2924676
2926360	2926441
2927439	2927569
2928356	2928469
2930096	2930219
2931074	2931202
2933247	2933394
2934080	2934270
2934444	2934594
2934896	2935812
2936494	2936597
2937522	2937601
2938558	2938821
2939429	2939529
2939798	2939911
2940277	2940361
2941080	2941170
2942612	2942674
2943679	2943803
2944464	2944654
2946459	2946510
2947013	2947084
2948450	2948527
2950076	2950193
2950360	2950455
2951101	2951223
2951368	2951527
3134778	3134861
3136845	3137058
3137162	3137257
3138751	3139338
3145980	3146342
3147164	3147306
3149844	3150088
3150362	3150529
3150683	3151215
3207039	3207141
3207557	3207625
3207950	3208098
3208243	3208285
3208854	3208898
3209280	3209377
3209616	3209713
3210018	3210131
3210329	3210396
3210653	3210761
3211158	3211233
3211525	3211594
3212135	3212267
3212550	3212644
3212877	3212958
3213318	3214075
3215714	3215886
3215968	3216069
3216242	3216310
3216569	3216717
3216816	3216858
3216962	3217006
3217350	3217447
3217599	3217696
3218149	3218262
3218368	3218435
3218688	3218796
3218932	3219007
3219086	3219155
3219450	3219582
3219870	3219964
3220305	3220440
3220776	3221079
3221101	3221321
3376479	3376862
3378702	3378897
3380057	3380150
3380545	3380652
3381216	3381325
3381853	3382037
3383373	3383520
3432956	3433402
3433580	3433653
3435018	3435102
3435193	3435296
3436168	3436299
3437019	3437118
3437213	3437332
3438394	3438564
3438768	3438885
3439222	3439878
3439903	3439930
3444453	3444785
3464508	3466090
3466646	3466682
3471212	3471346
3506388	3506569
3507312	3507381
3507743	3507857
3508186	3508310
3564382	3564467
3566750	3566815
3576819	3576951
3578193	3578326
3579810	3580005
3580956	3581138
3583010	3583072
3584943	3584999
3585434	3585486
3586180	3586246
3586636	3586808
3588717	3588807
3589320	3589498
3589948	3590002
3590185	3590286
3594650	3594780
3595256	3595473
3597097	3597159
3597504	3597643
3598342	3598468
3599120	3599675
3600372	3600501
3600769	3600964
3601517	3601687
3601862	3602022
3602385	3602505
3602609	3602710
3603220	3603317
3604184	3604352
3605131	3605271
3606512	3606595
3607089	3607345
3607449	3607809
3608312	3608536
3609667	3609876
3610511	3610660
3611194	3611367
3611838	3612003
3612235	3612731
3613171	3613299
3613408	3613568
3613731	3613954
3614354	3614491
3615552	3615694
3616276	3616329
3616588	3616809
3617086	3617268
3617448	3620294
3625479	3625596
3627686	3627707
3630076	3630178
3634417	3634521
3634891	3635163
3732318	3733746
3734952	3734989
3744174	3744411
3744439	3744635
3745630	3745702
3746630	3746706
3869327	3873862
3874784	3875060
3875871	3876133
3876926	3877029
3877308	3877336
3878117	3878465
3880514	3880559
3880597	3880706
3881334	3881475
3882704	3882792
3884068	3884160
3887650	3887805
3888287	3888445
3888543	3888610
3888993	3889110
3890758	3890827
3894444	3895429
3905865	3906276
3906484	3907085
3907776	3907910
3908513	3908732
3909130	3909268
3909611	3909745
3911435	3911538
3912229	3912356
3913010	3913122
3913785	3913916
3914899	3914998
3915349	3915449
3916809	3916976
3917627	3920598
4023929	4024022
4026072	4026102
4028094	4028197
4032839	4032903
4037510	4037631
4039993	4040061
4040823	4040888
4041911	4042105
4043682	4043775
4043902	4044030
4046062	4046108
4047469	4047615
4048207	4048407
4052513	4053356
4054593	4056548
4132129	4132315
4137682	4137926
4144968	4145059
4150062	4150108
4151193	4151323
4158926	4158967
4166124	4166178
4166646	4168367
4168429	4168448
4169742	4169795
4200568	4201893
4206751	4206795
4206897	4206953
4207340	4208053
4208169	4208270
4208465	4208617
4208962	4209585
4210163	4210319
4210434	4210543
4210622	4210873
4210914	4211024
4212262	4212362
4212449	4212512
4212622	4212921
4214114	4214273
4214575	4214962
4215048	4215240
4215647	4215781
4216307	4216454
4217886	4218001
4218369	4218464
4218502	4218624
4219046	4219222
4219447	4219797
4220322	4220408
4220441	4220671
4220757	4220876
4220905	4221294
4221398	4221751
4222390	4222430
4222695	4222818
4222895	4223314
4223391	4223777
4223831	4223926
4224038	4224184
4224275	4224388
4224532	4224648
4224751	4224834
4225051	4225245
4225878	4226076
4227972	4228039
4248370	4248501
4249356	4249548
4249859	4250044
4250119	4250287
4250794	4250960
4251044	4251551
4251629	4251825
4252846	4252960
4253112	4253289
4269296	4269360
4270512	4270584
4272135	4272522
4273064	4273184
4274151	4274283
4274982	4275146
4275739	4275900
4276982	4277798
4279798	4279920
4280871	4281014
4282919	4283017
4283571	4283653
4285510	4285612
4286211	4287380
4298374	4298581
4298979	4299060
4301036	4301126
4302868	4302945
4306809	4306932
4307346	4307464
4307875	4307988
4308081	4308200
4308584	4308798
4308913	4309096
4309250	4309399
4309544	4310517
4313256	4313289
4315667	4315794
4315868	4315945
4316080	4316126
4316468	4316529
4316920	4317032
4317423	4317797
4318207	4318356
4318614	4318694
4318917	4319039
4347324	4347405
4353469	4355042
4384642	4384877
4385839	4386059
4386098	4386180
4386573	4387338
4428496	4428704
4430494	4430809
4432998	4433150
4433420	4433589
4433744	4433906
4433986	4434104
4434449	4434509
4434721	4434919
4435071	4435194
4435544	4435647
4435754	4435821
4435915	4436063
4436302	4436420
4436617	4437153
4437263	4437468
4437623	4438718
4438939	4439130
4439209	4439411
4439489	4439607
4439682	4439902
4440010	4440200
4440285	4440659
4440940	4441234
4441353	4441807
4441890	4441989
4442185	4442367
4442540	4442661
4442739	4442894
4443365	4443535
4443612	4443689
4443799	4443909
4443995	4444130
4444346	4444470
4444816	4444917
4444998	4445132
4445301	4445858
4451754	4452023
4453145	4453869
4453955	4454147
4454686	4454778
4454888	4455022
4455313	4455432
4455672	4455764
4455912	4456046
4456170	4456263
4456347	4456440
4456527	4456608
4457051	4457184
4457477	4457642
4457798	4458155
4458300	4458423
4458661	4458772
4458975	4459055
4459140	4459283
4465128	4465346
4467405	4467435
4467616	4467705
4467842	4467933
4468057	4468255
4468598	4468740
4468833	4468947
4469118	4469263
4469364	4469464
4469789	4469999
4470083	4470674
4480707	4480743
4480975	4481088
4482101	4482203
4482909	4483081
4497450	4497468
4498095	4498119
4498890	4499117
4562346	4562349
4568788	4569750
4570113	4570196
4571136	4571292
4571832	4571907
4586296	4586388
4586444	4586576
4588197	4588330
4588841	4588960
4589433	4589717
4589824	4590360
4590441	4590590
4591070	4591342
4591524	4591717
4600248	4600324
4601375	4601534
4602120	4602217
4602974	4603070
4603534	4603603
4604197	4604304
4604545	4604681
4605647	4605673
4605859	4605984
4606389	4606468
4607953	4608432
4610989	4611239
4611320	4611454
4611764	4612194
4612458	4612617
4612908	4613074
4613362	4613561
4613972	4614134
4614356	4614466
4614763	4614895
4615241	4615357
4615623	4615946
4616043	4616408
4619980	4621727
4623532	4623724
4624408	4624518
4625210	4625316
4625916	4625994
4626683	4626793
4627378	4627683
4790157	4791428
4843545	4843661
4844492	4844581
4844869	4845976
4846753	4846935
4847226	4847392
4847699	4847834
4848252	4848368
4848680	4848803
4849412	4849732
4902203	4902347
4902834	4902916
4904850	4906168
4908360	4908528
4909259	4909423
4909516	4909734
4910866	4911078
4911199	4911324
4911401	4911506
4911980	4912170
4912335	4912454
4912532	4912721
4912892	4913011
4913314	4913448
4913559	4913688
4913977	4914173
4914280	4914486
4914575	4914738
4915052	4915178
4915295	4915487
4915809	4915996
4916229	4916467
4916944	4917090
4917697	4917907
4917995	4918111
4918195	4918442
4918614	4918793
4919030	4919165
4919717	4919886
4920172	4920301
4920497	4920643
4920827	4920987
4921483	4921674
4922259	4922496
4922724	4922852
4923402	4923515
4923629	4923802
4924038	4924231
4924526	4924765
4924852	4924993
4925192	4925332
4925556	4925695
4925828	4926030
4926589	4926802
4926829	4926870
4927992	4928094
4928518	4928639
4928807	4928998
4929514	4929677
4929788	4929910
4930292	4930375
4930641	4931343
4931370	4931550
4933333	4933561
4933672	4934197
4934637	4934855
4934939	4935067
4935165	4935253
4935445	4935556
4935634	4935758
4935889	4936096
4936149	4936183
4936325	4937409
4937462	4937521
4937547	4938863
4943773	4943932
4950826	4951015
4951973	4952028
4952689	4952765
4958790	4958882
4959520	4959653
4960035	4960237
4960911	4961054
4964419	4964557
4964993	4965125
4966046	4966119
4967773	4967900
4968706	4968851
4976047	4976072
4980284	4980314
4985834	4985979
4986471	4986562
4991612	4991631
4991986	4992069
4992972	4993049
4993975	4994085
4995357	4995500
4996202	4996249
5000995	5002516
5002667	5002774
5003400	5003508
5005951	5006067
5006456	5006541
5007151	5007262
5007765	5007874
5010158	5010350
5010573	5010710
5011163	5011246
5011937	5012041
5012308	5012395
5017667	5017710
5018213	5018248
5042842	5043081
5051012	5051167
5051770	5051885
5055006	5055204
5056289	5056369
5057034	5057213
5057406	5057504
5057716	5057829
5058306	5058377
5058607	5058702
5058977	5059059
5059679	5059784
5060090	5060170
5060503	5060594
5061132	5061226
5061360	5061406
5061635	5061715
5061873	5061978
5062436	5062553
5062763	5062876
5063040	5063116
5063225	5063293
5063521	5063605
5063801	5063960
5064781	5064864
5065893	5065986
5066097	5066152
5066550	5066685
5067145	5067215
5067458	5067555
5067730	5067829
5068458	5068706
5116098	5116166
5116565	5116670
5117561	5117686
5119620	5119748
5121974	5122047
5122970	5123078
5123858	5123957
5124242	5124348
5125975	5126233
5127001	5127158
5128320	5128484
5128981	5132038
5338204	5338398
5338982	5339065
5339372	5339428
5345100	5345111
5346789	5347071
5348128	5348253
5350840	5350935
5351167	5351229
5351396	5351510
5352124	5352208
5352358	5352417
5352659	5352742
5352992	5353072
5353429	5353535
5354060	5354210
5357004	5357192
5358109	5358290
5358695	5358837
5358986	5359173
5359888	5360040
5360532	5360710
5361361	5361507
5362531	5362615
5364085	5364261
5364712	5364847
5365907	5366060
5367811	5367925
5368483	5368665
5387386	5387631
5388187	5388336
5392084	5392269
5392552	5392727
5393202	5393256
5393872	5393937
5394105	5394268
5394790	5394880
5397357	5397627
5415582	5415661
5420263	5420397
5421861	5422006
5422672	5422820
5423554	5423740
5451122	5451801
5454564	5454800
5455981	5456098
5457651	5457776
5460628	5460711
5461105	5461173
5462035	5462117
5462786	5462861
5463271	5463408
5465023	5465097
5465429	5465542
5467316	5467533
5468417	5468519
5469146	5469304
5469792	5469956
5470642	5470851
5471812	5472871
5525192	5525593
5526999	5527093
5527583	5527724
5531138	5531305
5531995	5532234
5535454	5535600
5535683	5535982
5536414	5536797
5536874	5537065
5856030	5856335
5856803	5856919
5857708	5857905
5858264	5858415
5859315	5859481
5860104	5860181
5860271	5860439
5861170	5861325
5861748	5861879
5862613	5862692
5863101	5863188
5864072	5864131
5864384	5864507
5864690	5864832
5865586	5865660
5866461	5866607
5867631	5867805
5868453	5868544
5869149	5869378
5869730	5869790
5910592	5910701
5910862	5910872
5911068	5911237
5911512	5911548
5911832	5912007
5912556	5912645
5913060	5913227
5913457	5913625
5913869	5914039
5914881	5915052
5915286	5915586
5915757	5915851
5916521	5916662
5917088	5917228
5917398	5917525
5917944	5918010
5918303	5918416
5918506	5918621
5918948	5919065
5919168	5919323
5920459	5921255
5949880	5949900
5951897	5952087
5953965	5954186
5955197	5955317
5957374	5957463
5961874	5961989
5963016	5963181
5963597	5963695
5966466	5966725
5970591	5970819
6014112	6014327
6016929	6017053
6018389	6018653
6084258	6084651
6085094	6085271
6087384	6087783
6108348	6108523
6114571	6114619
6115429	6115557
6115951	6116100
6116940	6117064
6117892	6117981
6118431	6118529
6119134	6119250
6119946	6120064
6121117	6121298
6124770	6124855
6125060	6125204
6148185	6148247
6148301	6148469
6149217	6149300
6150223	6150332
6150852	6150962
6151607	6151684
6152778	6152877
6153302	6153453
6154374	6154674
6195634	6195802
6196493	6196556
6196776	6196935
6262540	6262829
6267510	6268083
6310694	6310797
6310868	6311070
6314105	6314288
6314378	6314552
6315113	6315627
6332389	6332586
6333021	6333653
6799848	6799922
6801788	6801874
6804578	6804653
6806009	6806113
6808225	6808314
6809520	6809598
6814464	6814512
6815217	6815451
7078700	7078732
7078793	7078872
7078882	7079046
7079658	7079860
7080746	7080876
7117335	7117461
7119346	7119549
7120748	7120908
7126189	7126302
7127610	7127745
7128470	7128648
7129577	7129702
7131844	7132311
7133909	7134013
7134691	7134807
7136031	7136129
7137383	7137523
7138187	7138376
7138711	7138766
7139210	7139308
7140125	7140241
7142626	7145108
7145129	7145529
7157003	7157188
7157714	7157777
7158260	7158374
7158593	7158656
7158761	7158895
7159624	7159833
7181731	7182363
7320301	7320424
7320448	7320622
7320700	7320808
7321071	7321209
7321570	7321685
7322003	7322181
7322262	7322466
7322538	7322690
7322813	7322980
7323003	7323251
7392872	7392944
7393209	7393323
7393782	7393881
7418962	7419071
7419423	7419507
7442037	7442184
7443061	7443261
7443355	7443670
7445039	7445199
7445614	7445866
7447118	7447288
7448069	7448306
7448760	7448977
7450224	7450863
8446731	8446991
8447144	8447218
8451382	8451401
8463885	8463991
10143069	10143099
10156335	10156528
10157769	10157901
10159148	10159271
10159906	10160016
10161354	10161436
10163541	10163635
10167696	10167737
10167844	10167933
10384808	10385038
10386763	10386918
10387296	10387393
10387558	10387686
10388007	10388111
10388823	10388931
10389772	10389828
10390746	10390788
10391271	10391333
10392427	10392497
10393278	10393341
10394800	10394907
10395423	10395556
10396225	10396307
10396398	10396495
10401094	10401310
10403968	10404136
10510500	10511036
10659513	10659582
10660370	10660411
10660791	10660897
10662041	10662142
10662825	10662925
10663593	10663750
10664102	10664167
10664596	10664676
10665014	10665127
10665762	10665977
10705216	10705355
10705571	10705658
10706883	10706951
10707762	10707845
10708236	10708310
10708723	10708830
10709651	10709841
10710130	10710297
10710482	10710599
10712000	10712280
10712914	10713021
10713606	10713731
10714442	10714645
10715270	10715378
10715774	10715861
10716900	10717051
10717760	10717849
10718471	10718596
10719291	10719455
10720468	10720625
10721482	10721616
10722813	10722915
10725176	10725307
10726778	10726941
10726952	10727095
10727160	10727322
10984875	10984915
10994361	10994527
10997665	10997767
11000440	11000537
11001607	11001785
11004921	11005003
11009533	11009614
11010191	11010220
11016879	11017075
11018559	11018677
11020988	11021126
11022544	11022667
11023849	11023998
11024488	11024653
11026665	11026869
11027609	11027677
11028386	11028585
11028999	11029096
11029480	11029705
11030626	11030724
11031119	11031272
11032171	11032339
11033508	11033626
11033965	11034121
11035067	11035267
11036484	11036660
11037129	11037276
11037554	11037644
11038031	11038155
11038402	11038548
11039031	11039121
11040085	11043139
11052416	11052461
11053459	11053502
11056157	11056301
11057287	11057481
11058321	11058447
11059924	11060086
11060995	11061043
11061217	11061427
11063711	11063889
11064935	11065033
11067075	11067300
11067904	11068015
11069579	11069794
11070317	11070417
11070752	11070921
11071682	11071815
11073360	11073519
11074462	11074583
11075417	11075583
11076145	11076226
11076814	11077248
11079676	11079916
11081419	11081498
11082445	11082538
11083099	11083615
11085057	11085176
11086066	11086227
11086876	11087005
11087255	11087393
11088289	11088454
11089198	11089460
11090420	11090592
11091132	11091279
11092850	11092919
11093777	11093951
11095149	11095281
11096368	11096564
11097114	11097233
11098121	11098309
11098653	11098753
11099261	11099396
11100342	11100701
11102588	11102731
11103598	11103766
11105590	11105688
11107654	11107660
11107990	11108140
11108617	11108688
11109162	11109219
11115442	11115560
11211242	11211571
11214855	11215002
11215410	11215481
11216286	11216355
11216852	11216948
11217185	11217265
11218432	11218573
11219695	11219825
11220422	11220512
11221178	11221243
11222482	11222529
11222825	11223351
