982735	983097
983438	984969
990142	990230
992256	992535
993077	993244
1228668	1228721
1230700	1230868
1231783	1232024
1233235	1233387
1234561	1234708
1236984	1237063
1239575	1239761
1240469	1241026
1241865	1243832
1311491	1312429
1322167	1322342
1323800	1323851
1325861	1326008
1327721	1327792
1328027	1328168
1328741	1328764
1330735	1330851
1331273	1331639
1333667	1334218
1337324	1337537
1349132	1349353
1349833	1349982
1350761	1350840
1351325	1351446
1354114	1354272
1355343	1355508
1358838	1358932
1361258	1361427
1407712	1407849
1408380	1408518
1409060	1409247
1409658	1409744
1410072	1410187
1411371	1411506
1411713	1411793
1411878	1411964
1412228	1412297
1413549	1413672
1570575	1570580
1573517	1573585
1573753	1573773
1575514	1575625
1581995	1582245
1582989	1583033
1583715	1583747
1585160	1585353
1586238	1586352
1586425	1586614
1588309	1588441
1588718	1588879
1589367	1589592
1590585	1590698
1591532	1591698
1592444	1592609
1593459	1593542
1594172	1594357
1596224	1596415
1597489	1597722
1598068	1598179
1599778	1599860
1600307	1600453
1600872	1600992
1602606	1602791
1603057	1603262
1603858	1603911
1604911	1605097
1606449	1606570
1614688	1614715
1617029	1617205
1624307	1624459
1625945	1628254
1631204	1631473
1632162	1632237
1632931	1633109
1634566	1634683
1635531	1635716
1636202	1636347
1637047	1637196
1637697	1637858
1638574	1638693
1639440	1639513
1639699	1639858
1640145	1640279
1640650	1640694
1641246	1641425
1644754	1644829
1645796	1645974
1647132	1647249
1647902	1648053
1648775	1648912
1649155	1649304
1650155	1650316
1650859	1650978
1651447	1651520
1652279	1652438
1653037	1653171
1653935	1653979
1654646	1654965
1655968	1656033
1657957	1658055
1661883	1661966
1664335	1664419
1666160	1666272
1667056	1667916
1675425	1675559
1679968	1680058
1681777	1681864
1682663	1682876
1686717	1686872
1688526	1688598
1691248	1691398
1691823	1691929
1692914	1692982
1693561	1693703
1694550	1696272
1701189	1701270
1701545	1701652
1703307	1703421
1703932	1704100
1705434	1705545
1705841	1705918
1706973	1707064
1707854	1708034
1708458	1708551
1709202	1709421
1710623	1710703
1712162	1712338
1713850	1713998
1714727	1715541
1729524	1729586
1733997	1734159
1738155	1738303
1739095	1739214
1742283	1742382
1742992	1743175
1744465	1744620
1745365	1745598
1748124	1748226
1748316	1748435
1749852	1749947
1750033	1750132
1750932	1751115
1751783	1751938
1752613	1752846
1753442	1753571
1753620	1753913
1777951	1778140
1782800	1782948
1787583	1787702
1791312	1791407
1793190	1793214
1793297	1793480
1793650	1793805
1795409	1795642
1797825	1798129
1799049	1799197
1799298	1799417
1800278	1800373
1801081	1801180
1803345	1803528
1805256	1805411
1806069	1806302
1806991	1808813
1833770	1833961
1835724	1835798
1838187	1838282
1839902	1839976
1842698	1842745
1844085	1844201
1846641	1847451
1948501	1948536
1950876	1950926
1954608	1954643
1956130	1956156
1957667	1957693
1958867	1958893
1959157	1959183
1961112	1961168
1962846	1962911
1966398	1966514
1966965	1967006
1967836	1967862
1968592	1968627
1969845	1969907
1970483	1970509
1975768	1975800
1976364	1976390
1977661	1977723
1979421	1979474
1980411	1980497
1980936	1980989
1981193	1981237
1981806	1981874
1982849	1982872
1983274	1983327
1984210	1984254
1984518	1984670
1985815	1985913
1986957	1986998
1987481	1987507
1988751	1988831
1991086	1991121
1993198	1993251
1993530	1993583
1994962	1994997
1999056	1999133
2002131	2002169
2005260	2005553
2005689	2005868
2018135	2018159
2030280	2030386
2031646	2031843
2033043	2033153
2033523	2033622
2034525	2034614
2036466	2036640
2038667	2038832
2080685	2080733
2083440	2083457
2087131	2087264
2088742	2088816
2089504	2089629
2089878	2090072
2090814	2090957
2091476	2091532
2094224	2094337
2095105	2095200
2095397	2095583
2095729	2095880
2097446	2097526
2098020	2098127
2098669	2100944
2111198	2111299
2111612	2111719
2112561	2112647
2112739	2112922
2112993	2113162
2113241	2113321
2113458	2113565
2113658	2113693
2172955	2173350
2702271	2702402
2702730	2702810
2703292	2703390
2775384	2775471
2776294	2776390
2778505	2778656
2779346	2779483
2781204	2781443
2782248	2782435
2783476	2783697
2786645	2786715
2787765	2787830
2792608	2792707
2793635	2793688
2794852	2794947
2795345	2795413
2796041	2796137
2796642	2796712
2809587	2809663
2810760	2810925
2813976	2814091
3040257	3040431
3041274	3041419
3044454	3044639
3045979	3046058
3046679	3046788
3049432	3049604
3050457	3050589
3051623	3052669
3052703	3053532
3070417	3070525
3071546	3071645
3072469	3072566
3073788	3073966
3079988	3080124
3082259	3082378
3086501	3086622
3088672	3088829
3164755	3164942
3165075	3165177
3165360	3165539
3165618	3165782
3165869	3166225
3166878	3167026
3167111	3167207
3167238	3167420
3169817	3169912
3170482	3170616
3173636	3173815
3174274	3174471
3174725	3174865
3175486	3175557
3175662	3175802
3179723	3179878
3182304	3182453
3202695	3202823
3203494	3203650
3204331	3204527
3205674	3205886
3212823	3212912
3214110	3214331
3216783	3216841
3217078	3217233
3217337	3217480
3219430	3219751
3221831	3221954
3222064	3222144
3222295	3222458
3222882	3223047
3223848	3223952
3225591	3225835
3226077	3226415
3259114	3259217
3259358	3259469
3260346	3260488
3260858	3260977
3261546	3261710
3262614	3262801
3263049	3263179
3264217	3264329
3265461	3265640
3267242	3267362
3267693	3267818
3268337	3268418
3272940	3273010
3275789	3275811
3275924	3276008
3276462	3276540
3276897	3276998
3278373	3278587
3279435	3279557
3279681	3279806
3280333	3280473
3281320	3281431
3282110	3282189
3283006	3283215
3283598	3283717
3286698	3286814
3288726	3288795
3289441	3289529
3289786	3289875
3290080	3290204
3290606	3290713
3291000	3291135
3291882	3292076
3292421	3292523
3293662	3293785
3294687	3294838
3295660	3295721
3296629	3296738
3298108	3298157
3298278	3298374
3298882	3299029
3299342	3299409
3300400	3300496
3301026	3301291
3302235	3302341
3303490	3303571
3303927	3303973
3307550	3307611
3308816	3308922
3310329	3310387
3311387	3311478
3311938	3312027
3312306	3312385
3313200	3313421
3357063	3357263
3357361	3357440
3357792	3357977
3358494	3358560
3407222	3407389
3407695	3407812
3408668	3408788
3409344	3409453
3409666	3409802
3410056	3410202
3410700	3410771
3410984	3411049
3411135	3411368
3482097	3482268
3487033	3487208
3490094	3490288
3593766	3594025
3595300	3595398
3595639	3595759
3597552	3597752
3598937	3599043
3600793	3600882
3602609	3602727
3605786	3607250
3767858	3768715
3772437	3772554
3776033	3776186
3776894	3777060
3779705	3781772
3781805	3782259
3789766	3789956
3793445	3793640
3793961	3794088
3794486	3794563
3795031	3795151
3795805	3795930
3796224	3796310
3798232	3798336
3798484	3798565
3798880	3798995
3800277	3800371
3801139	3801178
3801971	3802066
3802548	3802643
3803218	3803367
3804116	3804175
3804897	3804985
3805815	3807169
3807195	3807437
3807459	3808003
3808111	3810566
4225701	4225916
4234943	4234971
4240373	4240462
4242552	4242693
4244798	4244961
4246772	4246894
4246991	4247053
4247706	4247772
4251638	4252051
4252152	4255521
4255542	4255659
5303609	5303747
5303829	5304484
5624216	5624308
5631402	5631465
5631553	5631584
5632521	5632598
5632843	5632948
5635124	5635217
5636838	5637707
5640288	5640312
5641101	5641171
5642884	5643033
5644390	5644485
5645279	5645335
5646333	5646551
5824131	5824313
5829827	5829932
5834644	5834768
5836022	5836165
5836283	5836475
5836563	5838229
5841305	5841477
5841789	5843974
5846475	5846676
5848375	5848589
5849543	5849695
5852436	5852525
5853814	5853941
5854123	5854336
5855638	5855852
5856125	5856403
5856790	5856958
5857360	5857450
5857561	5857691
5858754	5858876
5859907	5860046
5862249	5862425
5867524	5867655
5867989	5868891
6134341	6134516
6136270	6136328
6139911	6139964
6140859	6140976
6142360	6142560
6147094	6147188
6148695	6148801
6149808	6149939
6156337	6156502
6158395	6158502
6160456	6161461
6161513	6165296
6219041	6219587
6223302	6223637
6444557	6444747
6447849	6447927
6453103	6453216
6453768	6453988
6454971	6455047
6457284	6457699
6589893	6590179
6590525	6590628
6598699	6598884
6600608	6601575
6602000	6602118
6603979	6604129
6605703	6605791
6606863	6606968
6607473	6609774
6846839	6846942
6847391	6847489
6847866	6847964
6851239	6851337
6854650	6854835
6855442	6855465
6856679	6856777
6866638	6866736
6873844	6873942
6878415	6878612
6880339	6880437
6882085	6882183
6883415	6883513
6885519	6885716
6886209	6886307
6887023	6887121
6890812	6891009
6893498	6893596
6901027	6901125
6901222	6901320
6901638	6901733
6904772	6904844
6905035	6905097
6912921	6913044
6915951	6916065
6921351	6921457
6928325	6928549
6931604	6931758
6938696	6938907
6940759	6940966
6941521	6941617
6942787	6943015
6943586	6943711
6944523	6944645
6945145	6945171
6946893	6946974
6950250	6957935
6958574	6958648
6959480	6959611
6960621	6960764
6963600	6964272
6966196	6966574
6978417	6978476
6980260	6980317
6983351	6984753
7011991	7012140
7019165	7019293
7024293	7024396
7025771	7025931
7028472	7028628
7031789	7031889
7035592	7035716
7038045	7043181
7061007	7061276
7064320	7064375
7065849	7066075
7073902	7074045
7074880	7074975
7076515	7077423
7077743	7079689
7181897	7182068
7182447	7182512
7187689	7187899
7188862	7189000
7190324	7190405
7192223	7192434
7199313	7199408
7200620	7200819
7201785	7201886
7202655	7202778
7527215	7528652
7529549	7529751
7542556	7542646
7544701	7544889
7545666	7545828
7546444	7546588
7552956	7553039
7553823	7553909
7556708	7556753
7560796	7560803
7563634	7563762
8778304	8778402
8781130	8781294
8784189	8784227
8810715	8810736
8813797	8813951
8820611	8820753
8822659	8822792
8823976	8824179
8826062	8826233
8827073	8827237
8828854	8828961
8830103	8830283
8831806	8831952
8832463	8832531
8833845	8834025
8846375	8846469
8912417	8912622
8917932	8918101
8919061	8919097
8922497	8922590
8932423	8932463
8933802	8933999
8937170	8937331
8938911	8939018
8942812	8942859
8945506	8945633
8951004	8951304
8952510	8952690
8954898	8955018
8956344	8956459
8957657	8959008
8959029	8960246
8960284	8962219
9023800	9024008
9032707	9032869
9034187	9034289
9034699	9034798
9035611	9035710
9036522	9036666
9037478	9037670
9038046	9038343
9038833	9039008
9039510	9039640
9040674	9040787
9058243	9058305
9075498	9075912
9080839	9080880
9081755	9081882
9088980	9089048
9090159	9090540
9095892	9096117
9096933	9097528
9097603	9097696
9099261	9099323
9100181	9100731
9106712	9106781
9109604	9109666
9109814	9109846
9110228	9110394
9117788	9117859
9120090	9120173
9120917	9121032
9140535	9140767
9150923	9151102
9151628	9151892
9153197	9153297
9160013	9160169
9161217	9161629
9161650	9163669
9164209	9164316
9165080	9165262
9166107	9166241
9167179	9167385
9168269	9168503
9170112	9170227
9170810	9170958
9180713	9180727
9221664	9221701
9226783	9226936
9227405	9227545
9227665	9227753
9228208	9228316
9228872	9228943
9229347	9229487
9229718	9230728
9231040	9231129
9237076	9237376
9237512	9237600
9252288	9252392
9255595	9255708
9257819	9257871
9260237	9261211
9262202	9262385
9264392	9264514
9265223	9265306
9266398	9266472
9280244	9280336
9282452	9282609
9293445	9293524
9295951	9296011
9296652	9296727
9299226	9299373
9304312	9304390
9307764	9307921
9311111	9311239
9314861	9315003
9320929	9321079
9326614	9326645
9331967	9332038
9332345	9332579
9339096	9339269
9342962	9343064
9346313	9346428
9348132	9348286
9350864	9351010
9351602	9351692
9352199	9352378
9352748	9352876
9353248	9353427
9353695	9353847
9355203	9355305
9355916	9356044
9358056	9358206
9360252	9360379
9366520	9366698
9370315	9370386
9371208	9371333
9371948	9372020
9374046	9374209
9374734	9374888
9375603	9376483
9377580	9378642
9489384	9489854
9492935	9493240
9495547	9498454
9502763	9502872
9503270	9504051
9505083	9505144
10606549	10606645
10614501	10614517
10623264	10623461
10630181	10630311
10634556	10634641
10640046	10640162
10643279	10643303
10661507	10661643
10664548	10664658
10665496	10665645
10665778	10665903
10667465	10667593
10668698	10668823
10669520	10669663
10673648	10673782
10676177	10676302
10679333	10679472
10680351	10680477
10681267	10681395
10682610	10682716
10687757	10687795
10761846	10762199
10768636	10768713
10769209	10769331
10770992	10771104
10772679	10772822
10773486	10773704
10776670	10776852
10777379	10777512
10777786	10778557
10780205	10780269
10780369	10780493
10780798	10780877
10781312	10781426
10782045	10782151
10782375	10782489
10783330	10784465
11051758	11051793
11053119	11053298
11058978	11059106
11064548	11064685
11068021	11068376
11068485	11068605
11068848	11068940
11070548	11070664
11071652	11071837
11072935	11073058
11073313	11073385
11083354	11083474
11083695	11083738
11085597	11085978
11429343	11429446
11430630	11430689
11432809	11432893
11437864	11438118
11481643	11481700
11483361	11483602
11488742	11488844
11490405	11490502
11491444	11491577
11495170	11495293
11502909	11503073
11506753	11506806
11559886	11559959
11560292	11560403
11565842	11565914
11567349	11567549
11572484	11572649
11587411	11587526
11593342	11593445
11596055	11596260
11601490	11601656
12578111	12578246
12578773	12578910
12579432	12579603
12580791	12580945
12581862	12582101
12583032	12583194
12583392	12583528
12584059	12584162
12584854	12584995
12585492	12585632
12586826	12586895
12587574	12587701
12588172	12588310
12589489	12589623
12589925	12590097
12590710	12590821
12592137	12592255
12593544	12593681
12595183	12595353
12596151	12596264
12599787	12599873
12599959	12600041
12601435	12601605
12602178	12602271
12602392	12602484
12602933	12603097
12603754	12603918
12604259	12604390
12605641	12605773
12607823	12607962
12608285	12608377
12609170	12609265
12620396	12620521
12620965	12621030
12621264	12621291
12621476	12621696
12649443	12649459
12656376	12656386
12667756	12667824
12678960	12679125
12684218	12684361
12685892	12686075
12689296	12689555
12690659	12690971
12694708	12694938
12695975	12696159
12696776	12696901
12697564	12697696
12700185	12700312
12700997	12701172
12701693	12701796
12702609	12702701
12703565	12704572
12707536	12707674
12709472	12709619
12710108	12710229
12711311	12711400
12712617	12712785
12716496	12716658
12717554	12717687
12718232	12718396
12718772	12718955
12719877	12720025
12720340	12720510
12720828	12720997
12721719	12721862
12722049	12722176
12722939	12723048
12724796	12724905
12727291	12729140
14187918	14188036
14189290	14189414
14190396	14190501
14191257	14191375
14191624	14191678
14193083	14193216
14193715	14193863
14194544	14194569
14201491	14201687
14255760	14255798
14259959	14260539
14260824	14261041
14261764	14262008
14281588	14281668
14284905	14285080
14286230	14286450
14287554	14287780
14304278	14304469
14305145	14305365
14313244	14313455
14330491	14330567
14331134	14331321
14338455	14338650
14347796	14348016
14353241	14354653
14754886	14754921
14761813	14762049
14763116	14763287
14765514	14765651
14767561	14767646
14767998	14768131
14768817	14769024
14770364	14770508
14771802	14772270
14772292	14772848
15178299	15179707
15186745	15186832
15187006	15187160
15188660	15188845
15189244	15189372
15192966	15193148
15193952	15194048
15195194	15195317
15196802	15196976
15197206	15197376
15198691	15198800
15200319	15200421
15200574	15202335
15393560	15393799
15395950	15396051
15396963	15397144
15405548	15405770
15407921	15408080
15408900	15409467
15452287	15452361
15459302	15459322
15460677	15460695
15460781	15461627
15464258	15464350
15474186	15474320
15475448	15475561
15475717	15475799
15477614	15477719
15479572	15479718
15481036	15481185
15482440	15482608
15483708	15483878
15487873	15488004
15488304	15488684
15489697	15489931
15490679	15490818
15491802	15491975
15498595	15498765
15500853	15501000
15502388	15502506
15503645	15503785
15505257	15505443
15506157	15507573
15517765	15517783
15527266	15527466
15532620	15532655
15542153	15542230
15548394	15548401
15557629	15557700
15571231	15571311
15638822	15638903
15639268	15639308
15650769	15650859
15661040	15661093
15664895	15665012
15677405	15677463
15701198	15701287
15708460	15708535
15709699	15709735
15711351	15711372
15716929	15716983
15724860	15724927
15733039	15733116
15734745	15734810
15736821	15736916
15739877	15739996
15741693	15741808
15744009	15744809
15745387	15745758
15748703	15748844
15752142	15752317
15753052	15753115
15754250	15754324
15754647	15754709
15758503	15758550
15758654	15758777
15760746	15760860
15764109	15764192
15766946	15767011
15767575	15767676
15769028	15769077
15771851	15772026
15773717	15775237
15775963	15776051
15777584	15777751
15779198	15779244
15780631	15780745
15780852	15780977
15782031	15782225
15784140	15784868
15786172	15786288
15791776	15791835
15792471	15792661
15793930	15794042
15794848	15794894
15795270	15795430
15795955	15795962
15797076	15797179
15797203	15797463
15797769	15797822
15805536	15805586
15811139	15811290
15820882	15820966
15830990	15831180
15833619	15833834
15837548	15837702
15840585	15840702
15842336	15842522
15893991	15894000
15899287	15900137
15907317	15907478
15910015	15910201
15910999	15911153
15912444	15912470
15913921	15914039
15917845	15917964
15918466	15919869
15919890	15920640
15928319	15928405
15930034	15930112
15932066	15932079
15932785	15932970
15933305	15933467
15933910	15934059
15934364	15934524
15934906	15935082
15935589	15935730
15936045	15936232
15937383	15937524
15937801	15938780
16120075	16120130
16120205	16120326
16121416	16121531
16122287	16122428
16122937	16123040
16123702	16123852
16124398	16124538
16124927	16125016
16126302	16126448
16126668	16127231
16127926	16128038
16128407	16128487
16128734	16130831
16138578	16139437
16142174	16142313
16142484	16142560
16142948	16143167
16144086	16145029
16157237	16157349
16158087	16158218
16159418	16159569
16160166	16160587
16249568	16249710
16254709	16254827
16255447	16255555
16255956	16256016
16257734	16257788
16259220	16259294
16260639	16260674
16264418	16264553
16265789	16266018
16266528	16266696
16266874	16267085
16267765	16267863
16268261	16268455
16268766	16268952
16269431	16269571
16270112	16270200
16273131	16273333
16273749	16273830
16274169	16274294
16274886	16274968
16277204	16277440
16278351	16278444
16281034	16281210
16281684	16281748
16281895	16281973
16282556	16282627
16283498	16283592
16284037	16284190
16284407	16284629
16285887	16286050
16286361	16286607
16286979	16287178
16288109	16288259
16288607	16288737
16289754	16289867
16290107	16290284
16290484	16290621
16290939	16292581
16300258	16300307
16300355	16300500
16300626	16300753
16301613	16301790
16303576	16303820
16308410	16308595
16310099	16310177
16310632	16310672
16310772	16310870
16311115	16311266
16311861	16311967
16312114	16312272
16312359	16312463
16312607	16312692
16312818	16312956
16313044	16313163
16313261	16313446
16313610	16313751
16313886	16314000
16314202	16314409
16314499	16314668
16314823	16314925
16315039	16315268
16315462	16315531
16315648	16315820
16315897	16316008
16316105	16316679
16363843	16364022
16364750	16365252
16365613	16365802
16832130	16832362
16832989	16833088
16833550	16833705
16834408	16834632
16841132	16841210
16843252	16843375
16844142	16844337
16845100	16845195
16846275	16846415
16846917	16847059
16847296	16847395
16849301	16849462
16851283	16851357
16852146	16852376
16853810	16853884
16854425	16854505
16855410	16855518
16855908	16856086
16856734	16856860
16857943	16858049
16859486	16859659
16860305	16860487
16861187	16861403
16861998	16862096
16865994	16866049
16867275	16867421
16867829	16867945
16869323	16869394
16869931	16871805
16948932	16949681
16953494	16953607
16954931	16955058
16956160	16956416
16957263	16957487
16957868	16958096
16958452	16958622
16959335	16959516
16960494	16960614
16961197	16961295
16962020	16962141
16962459	16962576
16962808	16962944
16963697	16963844
16964822	16966026
16966282	16968641
16974807	16975028
16977657	16977934
16978510	16978569
16979848	16979962
16982205	16982357
16983061	16983218
16984281	16984432
16985603	16985719
16986568	16986833
16987397	16987479
16987841	16987930
16989325	16989449
16989806	16989960
16991391	16991480
16992642	16992754
16993623	16994514
16996072	16996192
16997025	16997144
16997636	16997740
17017041	17017075
17023617	17023727
17220301	17220370
17220633	17220754
17225398	17225497
17225897	17225997
17233431	17233490
17234526	17234634
17235906	17236011
17236649	17237140
17242461	17242657
17242986	17243035
17243712	17243814
17244925	17245244
17245265	17245911
17363794	17363845
17368217	17368294
17368866	17368914
17374238	17374460
17378364	17378592
17380562	17381998
17638108	17638276
17640788	17640917
17642151	17642209
17642322	17642460
17646606	17646771
17651278	17651322
17653217	17653399
17654180	17654304
17655255	17655318
17656014	17656091
17656501	17656646
17657621	17657635
17660380	17660493
17661170	17661244
17784136	17784191
17789564	17789683
17789957	17790073
17794238	17794303
17800139	17800421
17803925	17804039
17804649	17804752
17806134	17806280
17806639	17806828
17807924	17808113
17809020	17809180
17809550	17810002
17810905	17811009
17811873	17812063
17814587	17815194
17819190	17819283
17823819	17824033
17824929	17825029
17825993	17826200
17826471	17826547
17827237	17827455
17828455	17828639
17831525	17831756
17833742	17833893
17834380	17834491
17834596	17834786
17836286	17836438
17836789	17836862
17837657	17837818
17839975	17840066
17840879	17840978
17841798	17842003
17842574	17842743
17843079	17843204
17843654	17843815
17843928	17844125
17845160	17845277
17845836	17845993
17846433	17846671
17848418	17848527
17849476	17849667
17850222	17850361
17859233	17859310
17860262	17860465
17861333	17861384
17862245	17862411
17866504	17866652
17867787	17867907
17869429	17869514
17869592	17869721
18016391	18017491
18017850	18021005
18493172	18493598
18497949	18498012
18498701	18498840
18499017	18499379
18499614	18499681
18505104	18505229
18510877	18510996
18516421	18516459
18519109	18519226
18519912	18520110
18520618	18520727
18521426	18521562
18522036	18522182
18523198	18523269
18524774	18524845
18525983	18526206
18529194	18529275
18532581	18532679
18533930	18534044
18535526	18535724
18536342	18536451
18537930	18538066
18538658	18538798
18539925	18539996
18540893	18540961
18541915	18542335
18558582	18558899
18560791	18560905
18561154	18561352
18562130	18562239
18563064	18563200
18564133	18564273
18564979	18565050
18566345	18566413
18567570	18568026
18571759	18571777
18579055	18579152
18582983	18583200
18584526	18584601
18586023	18586118
18586739	18587093
18587634	18587716
18588609	18588746
18596008	18596124
18618629	18618676
18622979	18623122
18623940	18624087
18624648	18624858
18626238	18626312
18626725	18626833
18628528	18628552
18629368	18629748
18630952	18631145
18806851	18807007
18807470	18807556
18807682	18807798
18807992	18808130
18808484	18808668
18810598	18810646
18811304	18811498
18812360	18812471
18812913	18812978
18813403	18813549
18813989	18814151
18815122	18815370
18816122	18816261
18816888	18817038
18817978	18818203
18818766	18818827
18819004	18819123
18820685	18820850
18825114	18826311
18827615	18827753
18828031	18828153
18828624	18828684
18829310	18829435
18829695	18829831
18830714	18830869
18832392	18832568
18833125	18833289
18833947	18834150
18834531	18834608
18835342	18835489
18836839	18836981
18838098	18838172
18955090	18955156
18955566	18955621
18955940	18955996
18956710	18956784
18957317	18957388
18961954	18962043
18964146	18964262
18967656	18967685
18968094	18968109
18969262	18969318
18970674	18971125
19028906	19029082
19063801	19063816
19070328	19070424
19074783	19074838
19074958	19075017
19078157	19078305
19079415	19079513
19080551	19080640
19081481	19081495
19140014	19140120
19143759	19143888
19146727	19146850
19148291	19148393
19149246	19149335
19149884	19149948
19150980	19151025
19152098	19152207
19153619	19153767
19155149	19155272
19156011	19156107
19156986	19157093
19158929	19159001
19161904	19161983
19163015	19163173
19163465	19163539
19164360	19164447
19164700	19164806
19165990	19166105
19166715	19166858
19168893	19168997
19172126	19172252
19235154	19235175
19238857	19239081
19240020	19240115
19240769	19240805
19241113	19241188
19242456	19242550
19243092	19243158
19244839	19245025
19245954	19246075
19246554	19246645
19246734	19246812
19247735	19247906
19248542	19248606
19249577	19249722
19250132	19250297
19250580	19250799
19251193	19251302
19252007	19252195
19252955	19253207
19253828	19253904
19254341	19254461
19256329	19256426
19257070	19257144
19258133	19258238
19258871	19259057
19260424	19260580
19260875	19263107
19318318	19318440
19321538	19321738
19329932	19330047
19331730	19331812
19333411	19333528
19333868	19333974
19334608	19334688
19336175	19336269
19336984	19337055
19338936	19339064
19339383	19339492
19340620	19340878
19341103	19341168
19344162	19344369
19344741	19344867
19346556	19346713
19346825	19346881
19347612	19347742
19348185	19348346
19349084	19349177
19349368	19349543
19349755	19349883
19350320	19350451
19350822	19350902
19351444	19351544
19351996	19352068
19352142	19352205
19352293	19352364
19353379	19353560
19353808	19353936
19354543	19354640
19356430	19356514
19358187	19358770
19568924	19569006
19570991	19571083
19571167	19571212
19572037	19572113
19572796	19572879
19573361	19573445
19576608	19576653
19579306	19579419
19580421	19580463
19580909	19581033
19581636	19581674
19582934	19583010
19620540	19620724
19620885	19621020
19621690	19621826
19621955	19622061
19623399	19623611
19628889	19628929
19631170	19631193
19652004	19652233
19658022	19658077
19658952	19659043
19664987	19665095
19666289	19666373
19668467	19668627
19669115	19669243
19670287	19670349
19670461	19670511
19672059	19672089
19672537	19672652
19673779	19673905
19674369	19674472
19675409	19675477
19675598	19675641
19676096	19676178
19680049	19680173
19680639	19680755
19681106	19681283
19682455	19682579
19683033	19683139
19685384	19685576
19686648	19686803
19687875	19688006
19689294	19689457
19691147	19691261
19691381	19691486
19691987	19692129
19692439	19692612
19693821	19693932
19695186	19695263
19697017	19697198
19697280	19697438
19697586	19697684
19697978	19698139
19698653	19698818
19699414	19699490
19700903	19700959
19703600	19703698
19704326	19704451
19705186	19705341
19705449	19705540
19706496	19706666
19707186	19707334
19707557	19707696
19707979	19708067
19708165	19708260
19708849	19708990
19709300	19709399
19710271	19710464
19711682	19711791
19712101	19712248
19712675	19713346
19985088	19985280
19986590	19986797
19987601	19987770
19989859	19989981
19991390	19991502
19992704	19992767
19993306	19993397
19995052	19995132
19997127	19997230
20002509	20002602
20003591	20003713
20004311	20004393
20008427	20008567
20009094	20009238
20011189	20011299
20012575	20012695
20014183	20014274
20016556	20016667
20017730	20017897
20020570	20020842
20022759	20022820
20024168	20024240
20025926	20025993
20027121	20029761
20080854	20081753
20095473	20095478
20100916	20101006
20104163	20104185
20120380	20120403
20124856	20125063
20125182	20125263
20126822	20126934
20130395	20130405
20131602	20131667
20134092	20134142
20137994	20138054
20139075	20139193
20140480	20140594
20143276	20143457
20146335	20152033
20355574	20355597
20357388	20357440
20361588	20361696
20372325	20372417
20373965	20374005
20388680	20388801
20389054	20389159
20390669	20390726
20392968	20393095
20397583	20397688
20404886	20404952
20406155	20406210
20406605	20406674
20422074	20422299
20425518	20425692
20432147	20432272
20439848	20440018
20441297	20441368
20444046	20444169
20445275	20445407
20445449	20445534
20445571	20445621
20448252	20448355
20450710	20450771
20451818	20451848
20703763	20703886
20704229	20704329
20704986	20705348
21229562	21229689
21230070	21230187
21231418	21231568
21231600	21231677
21232404	21232563
21233188	21233428
21233850	21234160
21235143	21235262
21235429	21235566
21235710	21235913
21246290	21247151
21247295	21247491
21248170	21248325
21248773	21249060
21250398	21250509
21251191	21251330
21251626	21251725
21253166	21253284
21255124	21255389
21304410	21304510
21304732	21304918
21306239	21306406
21306875	21306956
21307266	21307420
21308321	21308434
21308469	21308531
21318141	21318311
21318316	21318739
21320119	21321227
21357528	21357602
21357630	21357811
21358371	21358494
21358678	21358790
21358996	21359100
21359656	21359806
21359942	21360107
21360236	21360378
21360661	21361361
21500578	21500718
21500800	21500942
21501200	21501308
21501509	21501669
21501746	21501848
21501951	21502052
21502145	21502214
21502318	21502385
21502937	21503104
21503179	21503355
21503425	21503492
21503623	21503745
21503847	21503912
21504094	21504238
21504335	21504448
21504577	21504659
21504900	21505125
21506106	21506147
21506275	21506458
21506724	21506878
21507197	21507364
21507567	21507729
21507849	21508092
21508361	21508476
21508569	21508705
21508896	21509007
21509135	21509205
21536181	21536372
21537432	21537495
21537537	21537886
21540545	21540802
21540983	21541119
21541766	21541848
21542345	21542445
21542530	21542710
21543193	21543338
21543463	21543505
21543948	21544091
21545194	21545319
21545640	21545767
21603482	21603650
21605137	21605222
21605641	21605715
21606273	21606342
21606539	21606667
21606879	21606940
21607227	21607313
21607620	21607694
21607962	21608039
21608325	21608463
21608547	21608591
21608816	21608970
21609149	21609227
21609483	21609608
21609918	21609999
21610320	21610417
21610786	21610923
21611155	21611310
21611558	21611657
21611811	21611913
21612009	21612083
21612218	21612344
21612427	21612527
21612603	21612659
21612768	21612788
21620903	21621064
21621237	21621311
21621868	21621956
21622170	21622203
21622318	21622368
21622447	21622531
21622680	21622931
21627931	21628046
21628279	21628355
21628541	21628646
21628819	21628935
21629047	21629185
21629496	21629623
21629909	21630007
21630097	21630188
21630265	21630376
21630541	21630638
21630781	21630895
21631156	21631298
21631484	21631605
21631733	21631797
21631907	21632069
21632159	21632313
21632691	21632758
21632937	21633030
21633234	21633392
21633513	21633593
21633673	21633778
21633920	21634027
21634123	21634280
21634629	21634720
21634813	21634971
21635148	21635320
21635458	21635574
21635878	21635927
21636206	21636287
21637164	21637231
21637617	21637699
21637893	21638433
21638454	21639022
21650554	21650659
21652979	21653244
21657187	21657267
21657613	21657822
21658374	21658600
21659099	21659185
21660084	21660149
21660879	21661067
21661759	21661857
21662451	21662543
21663004	21663072
21663550	21666239
21717993	21718072
21718533	21718604
21718743	21718814
21719230	21719301
21719625	21719788
21720183	21720330
21720837	21720908
21721160	21721231
21721337	21721408
21721535	21721678
21721827	21721990
21722109	21722132
21722573	21722717
21722855	21722929
21723156	21723299
21723559	21723702
21723809	21723975
21725034	21725166
21726062	21726130
21726495	21726566
21726791	21726862
21727140	21727211
21728664	21728827
21729157	21729281
21729409	21729584
21730183	21730382
21730763	21730856
21731030	21731167
21732911	21733239
21733325	21733569
21878548	21878654
21879251	21879295
21879518	21879593
21879822	21879924
21880116	21880288
21880516	21880638
21880810	21880893
21881190	21881313
21881733	21881875
21882246	21882938
21882965	21884391
21884413	21884682
21884703	21884815
21887079	21887579
21887601	21887957
21888980	21889035
21889265	21889470
21889870	21889939
21890137	21890200
21890625	21890714
21890967	21891157
21891237	21891311
21891613	21891676
21891904	21892063
21892320	21892472
21892963	21893086
21893238	21893329
21893554	21893638
21893746	21893889
21894128	21894199
21894331	21894420
21894534	21894587
21894906	21894986
21895286	21895354
21895451	21895540
21895809	21895921
21896847	21896864
21897254	21897446
21902573	21903124
21904292	21904355
21904504	21904615
21910822	21910933
21911400	21911456
21911582	21911728
21913517	21913624
21915448	21915522
21916166	21916252
21919482	21919538
21920525	21920568
21922127	21922187
21923139	21923185
21923852	21923927
21926488	21926581
21931204	21931305
21935714	21935772
21937072	21937137
21938206	21938275
21939765	21939823
21942405	21942560
22055300	22055558
22056066	22056223
22068113	22068443
22068468	22068964
22074211	22074330
22075868	22076050
22076148	22076218
22076716	22076823
22077194	22077298
22077553	22077615
22077936	22080047
22083485	22083678
22087153	22087250
22088491	22088621
22089259	22089430
22090292	22090390
22090535	22090819
22091338	22091496
22092516	22093126
22093519	22093693
22097220	22097305
22098163	22098267
22099864	22099949
22100698	22100890
22101678	22101837
22102510	22104794
22107949	22108044
22108746	22108865
22109106	22109199
22109597	22109720
22109836	22110460
22123242	22123278
22125356	22125536
22129761	22129867
22130817	22132617
22157300	22157550
22162498	22162558
22168729	22168856
22171564	22171749
22172912	22173044
22175491	22175585
22176768	22176864
22181173	22181188
22181644	22181747
22225882	22226183
22227112	22227255
22227512	22227806
22228422	22228587
22231104	22231427
22231937	22232110
22233023	22233151
22235075	22235243
22235552	22237342
22574991	22575161
22575514	22575688
22576023	22576199
22576421	22576568
22576794	22576854
22577308	22577733
22578218	22578421
22578606	22578647
22578834	22578991
22579169	22579260
22579406	22579497
22579590	22579661
22580037	22580528
22580807	22580907
22581049	22581558
22696925	22697089
22697559	22697638
22698438	22698887
22699654	22699771
22700656	22700776
22701530	22701701
22702257	22702450
22702658	22702911
22799994	22800068
22803252	22803319
22803826	22803835
22808121	22808180
22846415	22846507
22847289	22847522
22847890	22847921
22848491	22848606
22849293	22849900
22889709	22889884
22890189	22890359
22891248	22891346
22891499	22891574
22891652	22891737
22892400	22892460
22892532	22892598
22893127	22893176
22893459	22893508
22894185	22894693
22894715	22895585
22933082	22933091
22947114	22947176
22952424	22952644
22953780	22953858
22953951	22956267
22968711	22968800
22968877	22969015
22969353	22969393
22969905	22970032
22970139	22970289
22970362	22970498
22970667	22970736
22970972	22971053
22971140	22971271
22971367	22971509
22971886	22972020
22972830	22973036
22996729	22996792
23033835	23033885
23041431	23041554
23042335	23042475
23056690	23056733
23064110	23064253
23070730	23070815
23073009	23073152
23075995	23076088
23078479	23078544
23082187	23082371
23084576	23092391
23092413	23092571
23197965	23198322
23198994	23199309
23199977	23200140
23200599	23200734
23201238	23201358
23201530	23201659
23202675	23202831
23203794	23203946
23204090	23204267
23204555	23204768
23205192	23205243
23209099	23209212
23210943	23211056
23211655	23211792
23211975	23212142
23212744	23212905
23213487	23213610
23213933	23214114
23214643	23214750
23215488	23215694
23216016	23216140
23216751	23216811
23217492	23217638
23217747	23217998
23218813	23218956
23219662	23219862
23220415	23220585
23220978	23221194
23221992	23222132
23222969	23223084
23223253	23223773
23224254	23224316
23224764	23224872
23225373	23225462
23225791	23225893
23226403	23226580
23227223	23227279
23228671	23228793
23229080	23229202
23229417	23229612
23230025	23230147
23230481	23230621
23231684	23231934
23232541	23232709
23232980	23233133
23233685	23233850
23234518	23234937
23329675	23329693
23349802	23350043
23354524	23354845
23368658	23368689
23711632	23711723
23719972	23720094
23729406	23729684
23729915	23730047
23730090	23730254
23732585	23732633
23733050	23733199
23735716	23735788
23736000	23736194
23736854	23736935
23737920	23738048
23739817	23741193
23742467	23742597
23742875	23742998
23743259	23743438
23745404	23745496
23748526	23748655
23748888	23749012
23749943	23750131
23751294	23751419
23752941	23753054
23753609	23758748
23817311	23817639
23819037	23819152
23820236	23820622
23820761	23821541
23868197	23868306
23869759	23869981
23870972	23871073
23873223	23873329
23873587	23874119
23913705	23913788
23914333	23914614
23919464	23919600
23921317	23921494
23923511	23923705
23925833	23925970
23928072	23928231
23928468	23928550
23929697	23929888
23934507	23934668
23937480	23937626
23940966	23941106
23941457	23941680
23943712	23943823
23946027	23946099
23962732	23962808
23963384	23963503
23964972	23965105
23969248	23969305
23972596	23972646
25438180	25438318
25439706	25439857
25439974	25440054
25441109	25441258
25442078	25442221
25442310	25442408
25443433	25443615
25443863	25444120
25445166	25445285
25446561	25446650
25447337	25447448
25449150	25451532
25518449	25518562
25519738	25519909
25521033	25523776
25645775	25645915
25647340	25647559
25649344	25649741
25663287	25663456
25667300	25667375
25668925	25668963
25669784	25669851
25670201	25670272
25670459	25670538
25671082	25671160
25672521	25672638
25673185	25673360
25673970	25674050
25674314	25674478
25674613	25674734
25675077	25675290
25676874	25676977
25677194	25677293
25677743	25677903
25679210	25679351
25679630	25679780
25680826	25680963
25681894	25682048
25682280	25682438
25683127	25683234
25683625	25683733
25684218	25684465
25684587	25684799
25685505	25685696
25685859	25686036
25686530	25686636
25686944	25688894
25787875	25789071
25790716	25790777
25790935	25791026
25791374	25791465
25795333	25795476
25796399	25796530
25798367	25798446
25799253	25799937
25801718	25801816
25803208	25803877
25806243	25806362
25807062	25807183
25811047	25811151
25828409	25828481
25830747	25830788
25834076	25834372
25834904	25834998
25836639	25836752
25837015	25837236
25837498	25837595
25839077	25839191
25840035	25840142
25841185	25841295
25842005	25842144
25843347	25844078
25880980	25881682
25891159	25891311
25892612	25892620
25894599	25894736
25896711	25896823
25906300	25906350
25906697	25906855
25909591	25909779
25911079	25911201
25913313	25913450
25913939	25914056
25915335	25915537
26329651	26329768
26351930	26351957
26360935	26361023
26362660	26362850
26363249	26363391
26363472	26363544
26364855	26364958
26365037	26365120
26365313	26365475
26367245	26367314
26368199	26368231
26368715	26368916
26385873	26386037
26394933	26395118
26395640	26395748
26396393	26396457
26396537	26396638
26396953	26397052
26398190	26398368
26398985	26399017
26399216	26399267
26399809	26399882
26400325	26400402
26400616	26400750
26401224	26401358
26401433	26401528
26402041	26402113
26402688	26402776
26402857	26402973
26403416	26403559
26404427	26404528
26404902	26404973
26405361	26406182
26873424	26873546
26883129	26883261
26885363	26885465
26887952	26888038
26893822	26893947
26894578	26894737
26895468	26895575
26900332	26900380
26900924	26900974
26902144	26902218
26902813	26902885
26907821	26908016
26908465	26908587
27136772	27136859
27137407	27137577
27138657	27138764
27139184	27139300
27139631	27139750
27140380	27140551
27140986	27141074
27141204	27141435
27142349	27142494
27142820	27142954
27144457	27144602
27145494	27145657
27156118	27156271
27157379	27157514
27159273	27159589
27180532	27180627
27192236	27192468
27196338	27196431
27216669	27216931
27217807	27217880
27218419	27218586
27219977	27220115
27220647	27222172
27223071	27223766
27225346	27225480
27225900	27225991
27226081	27226187
27227281	27227415
27228600	27228675
27229341	27229448
27230107	27230202
27231863	27231973
27232950	27233065
27234350	27234559
27235268	27235403
27236150	27236240
27237874	27238740
27238762	27239131
27261904	27262314
27264199	27264351
27266557	27267012
27269333	27269454
27270523	27270652
27280610	27280709
27281136	27281301
27281820	27281942
27283014	27283190
27284276	27284498
27285333	27288103
27288124	27292906
27417218	27417312
27420095	27420213
27421344	27421408
27421605	27421752
27422146	27422225
27423047	27423095
27424584	27424664
27424984	27425160
27425654	27425761
27426266	27426436
27426689	27426937
27428330	27428452
27429639	27429809
27430716	27430961
27431501	27431614
27431822	27431932
27432222	27432389
27432718	27432939
27433114	27433160
27433764	27434792
27753132	27753173
27759373	27759471
27760161	27760239
27762133	27762302
27764450	27764554
27764895	27765017
27769293	27769586
27770449	27770645
27771811	27771925
27772031	27772107
27772211	27772403
27773603	27773772
27774595	27774738
27776435	27776525
27778233	27778376
27780928	27781068
27781826	27781929
27782019	27786066
27813502	27813518
27817664	27817719
27819725	27819849
27828253	27828300
27829809	27829850
27830801	27830882
27835137	27835209
27836404	27836543
27837637	27837693
27839067	27839277
27844404	27844596
27855365	27855454
27900511	27900544
27914494	27914554
27935248	27935331
27937252	27937365
27937829	27937957
27941022	27941230
27950739	27950913
27952005	27952092
27962095	27962350
27968394	27968577
27972495	27972649
27980345	27980429
27982024	27982232
27984413	27984531
27990070	27990202
27991451	27991632
28000265	28000478
28001214	28001402
28006036	28006254
28010718	28010855
28010998	28011143
28532991	28533198
28533390	28533475
28536613	28536729
28538107	28538272
28540152	28540253
28540949	28541051
28550403	28550490
28553548	28553553
28572710	28572802
28573932	28574086
28575066	28575191
28576057	28576191
28576671	28576779
28577517	28577636
28577732	28577848
28580064	28580179
28581127	28581256
28581875	28581986
28582999	28583163
28584339	28585003
28598982	28599134
28600119	28600244
28601709	28601843
28603662	28603770
28604452	28604568
28604644	28604766
28605751	28605869
28606571	28606700
28606893	28607004
28607545	28607680
28608218	28608292
28611869	28611917
28612676	28612830
28613270	28613395
28615391	28615525
28616583	28616691
28617804	28617923
28618175	28618294
28619728	28619846
28619980	28620109
28621079	28621190
28621520	28621687
28622906	28622966
28727692	28727778
28728523	28728651
28729859	28730049
28730871	28731022
28732585	28732748
28732949	28733080
28734458	28734523
28735373	28735420
28737238	28737405
28738646	28738771
28739113	28739129
28741010	28741230
28742220	28742287
28742812	28743003
28744507	28744548
28744839	28745027
28884961	28885114
28887347	28888095
28890838	28890925
28893290	28893372
28916659	28916845
28918593	28918944
28926580	28926638
28928769	28928852
28931272	28931364
28931777	28931866
28931963	28932006
28932081	28932141
28935424	28935519
28938383	28938461
28938708	28938759
28939176	28939239
28940378	28940497
28941296	28941429
28943239	28944761
29080509	29080691
29083216	29083380
29856423	29856638
29857732	29857811
29859280	29859428
29859611	29859722
29860102	29860202
29861295	29861402
29861961	29862055
29862689	29862862
29994409	29994500
29995831	29995873
29996983	29997060
30010833	30010940
30014995	30015095
30017947	30018039
30020166	30020229
30020751	30020891
30021960	30022150
30026540	30026577
30027392	30027481
30028700	30028983
30036991	30037128
30039379	30039516
30040292	30040559
30040629	30040733
30041222	30041367
30142977	30143096
30143120	30143437
30145106	30145486
30147056	30148366
30157546	30157562
30165732	30165811
30180510	30180590
30187205	30187341
30188035	30188163
30188739	30188906
30189228	30189284
30190533	30190731
30191315	30191494
30191865	30191932
30192389	30192513
30193811	30193888
30194623	30194728
30197240	30197368
30199580	30199697
30200198	30200396
30201258	30201329
30201423	30201496
30202692	30202820
30203531	30203618
30204073	30205180
30205425	30205577
30205639	30205713
30205746	30205819
30205967	30206086
30206264	30206348
30207019	30207188
30208148	30208475
30226975	30227496
30228905	30229100
30230387	30230499
30230810	30230899
30232037	30232157
30232482	30232571
30233205	30233346
30234626	30234834
30235436	30235554
30236122	30236292
30236654	30236749
30236928	30237134
30237288	30237443
30237988	30238090
30239073	30239258
30239697	30239856
30241787	30241865
30526679	30526789
30530057	30530210
30531068	30531241
30532291	30532477
30532949	30533114
30533331	30533445
30534430	30534625
30535704	30535807
30536285	30536458
30537796	30537880
30542521	30542627
30544789	30544864
30546297	30546405
30546704	30546828
30547244	30547391
30547708	30547814
30548279	30548393
30550010	30550181
30553601	30553709
30554464	30554526
30555455	30555520
30556222	30556390
30556627	30556722
30557056	30557221
30558064	30558161
30559079	30559224
30560146	30560209
30560785	30560892
30561000	30561039
30561534	30561612
30562063	30562199
30563755	30564107
30975870	30975994
30978963	30979032
31003440	31003600
31005329	31005377
31011323	31013578
31013717	31016989
31066846	31067152
31073632	31074934
31078067	31078102
31079560	31079620
31080684	31080891
31084619	31084680
31085501	31085613
31086362	31086533
31086653	31086793
31093522	31093665
31094060	31094136
31098204	31098247
31103547	31103707
31104041	31104105
31104965	31105085
31105835	31106397
31107857	31107971
31108513	31108712
31166393	31166654
31168404	31168564
31169935	31169991
31170730	31170775
31172182	31172279
31174664	31174795
31175622	31175765
31176670	31176738
31178852	31178916
31179704	31179767
31180494	31180583
31183803	31186340
31207316	31207352
31207373	31207472
31207825	31208029
31217434	31217628
31218308	31218340
31219520	31219599
31222127	31222222
31225036	31225204
31242481	31242871
31245747	31245900
31247441	31247655
31248913	31249063
31249402	31249613
31249883	31250055
31250715	31251103
31251791	31252070
31263773	31263956
31264372	31264416
31264931	31264978
31265302	31265318
31271560	31271716
31273006	31273153
31273363	31273565
31274207	31274379
31274770	31275158
31276043	31276153
31276194	31276465
31277118	31277212
31278467	31278515
31283428	31283739
31285318	31285761
31285820	31286415
31286582	31286813
31288251	31288292
31289268	31289782
31289916	31290042
31296378	31296419
31299240	31299390
31299699	31299910
31300148	31300320
31300987	31301309
31301992	31302277
31308707	31308852
31308870	31308954
31313575	31313772
31314253	31314316
31315066	31315158
31315367	31315686
31341598	31341846
31343489	31343586
31344453	31344529
31345161	31345239
31345998	31346074
31346887	31347103
31347460	31347525
31347606	31347677
31347994	31348166
31348620	31348704
31349552	31349673
31350538	31350709
31351512	31351601
31351825	31352020
31352135	31352240
31352428	31352602
31352987	31353067
31353758	31353863
31354598	31354730
31355130	31355193
31355517	31355748
31355771	31356514
31356728	31357466
31358638	31358671
31359378	31359580
31360564	31360657
31361326	31361489
31366536	31366738
31366829	31366961
31377213	31377248
31380206	31380368
31380645	31380745
31381208	31381414
31381860	31382030
31382527	31382652
31383041	31383133
31385185	31385274
31388398	31388535
31389363	31389462
31400238	31400356
31439903	31440097
31440609	31440678
31441737	31441888
31444575	31444733
31446100	31446208
31447123	31447339
31457867	31457897
31671769	31671987
31671999	31672670
31678146	31678270
31684234	31684906
31684941	31687808
32040625	32040811
32042659	32042752
32045484	32045547
32046425	32046517
32052417	32052506
32172068	32172158
32175026	32175062
32176701	32176767
32177166	32177356
32177925	32178044
32178707	32178791
32180349	32180463
32183665	32185901
32239830	32240051
32241560	32241713
32244057	32244128
32245424	32245622
32249794	32249914
32250749	32250878
32254557	32254786
32255964	32259076
32567825	32568022
32569278	32569486
32570892	32570958
32572113	32572238
32572728	32572852
32573196	32573355
32574589	32574690
32574951	32575072
32575807	32575918
32576594	32576741
32576816	32576924
32577235	32577346
32578315	32578575
32578876	32578947
32579060	32579210
32580991	32581179
32582218	32582418
32582765	32582983
32583291	32583514
32583854	32584012
32584434	32584583
32584805	32584958
32585209	32585324
32585904	32586067
32587639	32587657
32602775	32602849
32603338	32603418
32604108	32604200
32605249	32605436
32606569	32606746
32608820	32608990
33361475	33361584
33363359	33363440
33365122	33365316
33522354	33522366
33522939	33523041
33523262	33523335
33524797	33524933
33525368	33525376
33530353	33530460
33530617	33530707
33530920	33530996
33531109	33531145
33532102	33532199
33536112	33536268
33542735	33542859
33544709	33544840
33545929	33546063
33547586	33547711
33548432	33548592
33549242	33549377
33550811	33550885
33558338	33558527
33560406	33560514
33561305	33561386
33561468	33561583
33561915	33561984
33562541	33562619
33563332	33564759
33565051	33565289
33565827	33566220
33567995	33568110
33568970	33569093
33569182	33569316
33569696	33571143
33571932	33572004
33572329	33575304
33576197	33576838
33732244	33734417
33735974	33736257
34625913	34626022
34626064	34626172
34629507	34629581
34633588	34633746
34633841	34633902
34636284	34636341
34639569	34639661
35129782	35129845
35130140	35130237
35132357	35132522
35133538	35133800
35135963	35136150
35138757	35138968
35139775	35139944
35140016	35140111
35141122	35141394
35183725	35183859
35185399	35185896
35194537	35194656
35195505	35195651
35196051	35196182
35196664	35196699
35198056	35198115
35199738	35199866
35201243	35201371
35204071	35204154
35204781	35204891
35204895	35205003
35205896	35206116
35207340	35207456
35207808	35207873
35208764	35208832
35208903	35208980
35209987	35210172
35210888	35211070
35211737	35211802
35212780	35212821
35213441	35213470
35227656	35227661
35228591	35228679
35228947	35229253
35233836	35234096
35234537	35234657
35235279	35235435
35235653	35235794
35236674	35236844
35237517	35237696
35358664	35359947
35663579	35663939
35665396	35665606
35666210	35666327
35668608	35668847
35669948	35670157
35671342	35671451
35705935	35705951
35717336	35717375
35722355	35722537
35722791	35722813
35744648	35744673
35755160	35755206
35755394	35755422
35756891	35756960
35760332	35760440
35760516	35760634
35762092	35762127
35762449	35762523
35762626	35762751
35763977	35764072
35764268	35764365
35764943	35765108
35765824	35765961
35769285	35769460
35771702	35771786
35781162	35781292
35783543	35783760
35785270	35785419
35785510	35785614
35786944	35787096
35787622	35787712
35789408	35789532
35791922	35792066
35793678	35793751
35794401	35794500
35795574	35795794
35798474	35798611
35798721	35798916
35799064	35799185
35801478	35801664
35802510	35802605
35803547	35804423
35806886	35807557
35809467	35809631
35810420	35810583
35813199	35813309
35814034	35814149
35814753	35814926
35817102	35817274
35818029	35818096
35820695	35820769
35821868	35822015
35822827	35822963
35823380	35823483
35824428	35824552
35825378	35825578
35826735	35826853
35827376	35827504
35828815	35828989
35830696	35830784
35831128	35832027
35832053	35832346
