916321	916351
921132	921212
930922	931064
931951	932128
933836	933965
935272	940171
1254980	1254998
1262048	1262543
1262907	1263081
1306956	1307020
1307121	1307223
1313911	1314899
1319955	1320139
1320994	1321112
1322510	1322698
1323542	1323730
1324816	1330765
1334178	1334295
1337315	1337412
1337503	1337595
1341088	1341330
1343437	1343552
1344721	1344882
1346501	1346612
1348087	1348131
1349145	1349331
1350968	1351207
1353086	1353241
1356056	1356159
1358666	1358773
1360276	1360407
1362022	1362280
1363018	1363179
1364077	1364207
1364532	1364687
1365361	1365534
1366329	1366527
1369097	1369228
1369480	1369578
1370551	1370662
1371841	1371914
1372945	1373024
1373927	1374128
1375500	1375726
1376861	1376935
1378281	1378354
1379382	1379687
1380562	1381846
1381867	1382993
1423367	1423472
1426202	1426372
1430106	1430348
1434756	1434920
1435070	1435151
1437737	1437847
1439153	1440417
2256327	2256348
2264760	2264786
2266832	2267016
2267935	2268042
2268113	2268185
2269498	2269531
2270356	2270388
2278705	2278742
2279899	2280146
2422309	2423241
2428915	2429850
2432333	2432410
2435602	2435634
2435639	2435882
2437228	2438965
2467095	2467123
2472215	2473229
2492845	2493042
2494704	2494993
2495850	2496013
2496765	2498232
2626288	2626716
2627143	2627238
2627387	2627465
2627821	2629054
3124663	3124758
3125846	3125989
3126466	3126537
3127590	3127735
3128713	3128821
3128957	3129139
3606153	3606272
3614886	3615050
3632612	3632774
3645712	3645878
3649235	3649383
3650255	3650478
3652140	3652310
3652882	3653051
3654074	3654197
3655537	3655721
3656910	3657119
3830692	3830933
3831425	3831583
3832635	3832746
3834464	3834558
3835365	3835489
3836075	3836225
3836408	3836498
3836776	3836880
3837887	3838028
3838224	3838345
3840599	3840901
3841848	3842022
3843246	3843350
3844104	3844465
3845774	3846022
3846702	3846827
3847517	3847620
3848291	3848404
3848606	3849453
3854078	3854526
3859650	3859760
3860242	3860356
3861085	3861175
3862147	3862243
3864018	3864177
3873999	3874195
3876443	3876538
3877625	3878225
3899090	3899293
3901553	3901621
3902068	3902172
3902794	3902889
3903362	3903513
3905271	3905368
3909959	3909992
3934254	3934408
3934531	3934609
3935119	3935229
3935984	3936078
3936936	3937022
3937242	3937381
3937735	3937887
3938235	3939281
3942907	3943009
3943295	3943757
3947227	3947393
3947524	3947616
3948377	3948562
3950902	3951537
3970071	3970664
3970746	3970914
3972537	3972802
3973039	3973254
4035264	4035399
4035422	4035592
4035899	4035963
4036035	4036135
4036306	4036376
4036689	4036773
4037011	4037106
4037337	4037619
4037815	4037940
4038241	4038348
4056764	4056793
4056828	4057115
4057590	4057730
4058423	4058585
4059521	4059646
4060625	4060738
4061221	4061337
4061603	4061728
4061982	4062086
4062525	4062638
4062760	4062876
4063296	4063412
4063769	4063882
4063962	4064135
4066370	4066666
4069327	4069510
4069591	4069703
4070168	4070446
4070821	4070965
4071248	4071330
4072105	4072191
4072384	4072500
4072892	4072979
4073573	4073656
4073877	4073916
4074263	4075984
4098428	4098506
4098674	4098796
4102777	4102832
4103785	4103850
4104457	4104587
4105920	4106082
4109055	4109171
4110484	4110588
4111428	4111514
4114109	4114491
4161826	4161948
4164865	4164985
4168159	4168245
4169121	4169283
4173019	4173153
4173388	4173505
4174809	4174910
4175209	4175354
4176064	4176147
4178479	4178545
4197995	4198218
4199149	4199193
4206392	4206425
4210880	4210998
4213414	4213518
4214942	4214984
4216298	4216345
4219818	4219896
4221582	4221727
4223915	4224029
4231604	4231751
4232512	4232601
4233700	4233863
4233980	4234048
4235451	4235508
4236160	4237266
4244192	4244219
4246977	4247149
4251710	4251799
4253053	4253186
4254039	4254120
4255929	4256119
4257698	4257782
4258548	4258616
4259008	4259097
4259764	4259846
4261990	4262108
4262874	4263122
4265238	4265377
4265938	4266045
4267079	4267230
4269138	4269222
4310667	4310889
4318164	4318292
4325825	4325988
4331687	4331812
4419357	4419415
4420710	4420818
4423576	4423636
4424005	4424051
4425913	4426031
4443266	4443447
4443534	4443579
4448814	4448932
4452388	4452528
4454284	4455380
4455403	4457164
4469795	4469846
4469987	4470315
4471291	4471371
4471788	4471944
4472591	4472722
4475816	4476048
4477320	4477506
4480600	4480829
4480906	4481093
4481627	4481728
4481963	4482116
4543196	4543292
4543729	4543800
4545777	4545875
4546306	4546407
4546780	4546852
4547143	4547222
4550339	4550535
4551476	4551554
4552203	4552348
4553836	4553929
4555755	4557390
4564981	4565052
4565716	4565882
4567184	4567295
4568012	4568105
4569303	4569438
4569616	4569677
4570219	4570255
4573141	4573378
4574527	4574584
4575507	4575646
4576083	4576276
4577400	4577568
4578148	4578291
4578698	4578813
4579428	4579512
4581118	4581615
4591745	4591764
4592938	4593217
4593894	4594685
4597751	4598065
4599009	4599264
4600824	4601194
4663271	4663437
4665076	4667580
4680968	4681009
4681240	4683198
4691460	4691521
4691930	4692062
4693159	4693372
4694612	4694712
4696134	4696274
4720626	4720839
4723715	4723815
4726660	4726810
4727375	4727406
4727753	4727860
4729117	4729249
4729651	4729714
4730136	4730184
4732008	4732120
4732276	4732393
4734257	4734356
4736845	4737041
4737708	4737845
4738762	4742277
4747049	4747655
4748480	4748596
4749446	4749627
4781015	4781352
4783403	4783566
4783744	4783852
4785030	4785186
4786166	4786276
4786543	4786598
4787619	4787788
4787910	4788064
4789451	4789583
4789699	4789792
4790427	4790456
4791113	4791271
4792432	4792576
4793020	4793084
4793196	4793380
4794067	4794253
4794626	4794866
4798185	4798352
4799439	4799521
4800065	4800201
4800978	4801032
4801714	4801930
4965788	4965910
4966142	4966208
4966888	4966966
4967597	4967726
4967854	4967957
4968373	4968461
4969063	4969120
4970025	4970088
4970436	4970579
4970733	4970864
4971218	4971421
4971528	4971607
4972256	4972340
4972584	4972679
4973183	4973396
5031147	5031193
5031892	5032121
5032963	5033131
5033471	5033564
5035290	5035403
5071574	5071603
5072437	5072803
5073857	5074013
5075334	5075831
5078735	5078910
5079506	5079980
5080993	5081749
5086364	5086606
5088757	5088990
5328743	5328962
5336938	5337002
5337016	5337136
5341016	5341180
5342669	5342774
5343159	5343269
5344090	5344267
5789767	5790040
5796067	5796263
5902491	5902747
5903704	5903766
5905699	5905743
5907806	5907880
5908013	5908045
5908638	5908688
5909753	5909835
5910197	5910305
5912877	5912994
5917169	5917357
5918380	5918570
5919417	5921364
5947103	5947252
5949398	5949522
5950583	5950621
5953747	5953853
5956430	5956797
5957470	5957972
5958016	5958032
5958718	5958807
5959873	5960040
5960823	5960918
5961826	5961937
5962884	5963057
5964599	5964671
5966336	5966464
5967007	5967145
5967654	5967874
6048014	6048021
6053403	6053506
6054245	6054417
6055997	6056108
6056330	6056434
6062420	6062761
6070137	6071403
6071557	6072052
6094426	6094959
6260786	6262720
6266795	6266824
6268566	6268697
6275323	6275505
6276997	6277100
6279570	6279672
6281414	6281488
6286434	6286520
6288723	6288879
6289655	6289703
6290186	6290275
6291366	6291541
6291992	6292110
6292867	6292973
6297136	6297226
6329647	6329703
6331335	6331454
6333791	6333859
6334779	6334835
6336890	6337003
6337979	6338089
6338397	6338505
6339386	6339506
6343554	6343635
6345069	6345192
6346406	6346513
6348588	6348688
6349828	6349926
6350176	6350269
6350917	6351188
6506158	6506411
6511010	6512756
6519495	6520343
6527394	6527537
6527785	6527945
6528016	6528225
6528315	6528411
6528656	6528724
6528893	6529153
6541949	6542096
6547920	6548054
6549043	6549173
6551415	6551459
6551915	6551984
6554121	6554219
6592286	6592409
6604099	6604278
6608995	6609212
6609301	6609460
6609538	6609738
6610228	6610418
6611123	6611286
6611323	6611366
6613092	6613209
6614682	6614789
6615332	6615429
6615914	6616014
6616800	6616961
6621612	6621770
6623317	6623553
6624131	6624253
6624887	6625090
6625209	6625414
6625707	6625861
6626307	6626476
6626788	6626935
6629035	6630796
6632571	6632675
6632734	6632911
6632952	6633056
6639710	6639904
6640589	6640741
6690828	6690974
6694440	6694570
6697955	6698240
6699898	6700827
6729947	6730106
6732196	6732367
6732783	6732923
6735650	6735737
6736445	6736525
6736702	6736773
6738184	6738282
6738781	6738883
6739818	6740014
6740776	6740893
6741364	6741460
6742550	6742688
6743354	6743462
6743618	6743706
6743941	6744022
6745177	6745266
6745429	6745542
6746657	6746739
6747750	6747837
6748554	6748703
6749448	6749541
6749760	6749867
6750389	6750658
6752601	6753177
6759656	6759694
6764580	6764671
6766856	6766961
6768381	6768454
6768644	6768895
6769757	6769822
6772036	6772125
6773889	6773991
6775977	6776082
6776201	6776271
6777722	6777793
6779711	6779831
6780662	6780767
6781340	6781489
6781888	6781935
6782301	6782402
6782804	6784288
6785368	6785456
6787796	6787820
6788063	6788230
6788805	6788865
6788952	6788996
6789270	6789463
6790185	6790244
6791340	6791407
6791592	6791727
6792031	6792115
6793089	6793161
6794195	6794332
6794617	6794694
6795599	6795622
6796034	6796102
6802017	6802220
6802243	6803346
6821682	6821763
6830828	6830930
6836098	6836202
6837009	6837141
6837689	6837795
6838316	6838441
6839482	6839584
6840091	6840253
6842297	6842405
6843146	6843285
6844032	6844116
6844702	6844796
6844885	6844984
6845144	6845417
6847235	6847396
6848121	6848249
6849222	6849318
6849626	6849736
6850383	6850479
6851238	6851345
6852424	6852558
6854956	6855107
6855861	6855972
6856139	6856231
6856570	6856689
6857016	6857133
6858382	6858512
6859632	6861361
6861382	6863805
6866238	6866321
6866700	6866860
6867778	6867802
6868317	6868427
6869095	6869235
6869588	6869697
6870628	6870745
6873521	6874077
6897091	6899529
6903730	6903772
6905026	6905139
6905737	6905889
6907131	6907315
6908156	6908277
6908951	6909093
6909187	6909300
6910956	6911109
6912008	6912084
6912392	6912511
6912709	6912851
6913696	6913906
6915435	6915570
6915812	6915972
6918215	6918352
6919314	6919466
6920016	6920407
6922904	6923037
6924290	6924463
6925204	6925413
6925981	6926067
6926330	6926497
6926762	6926842
6927354	6927481
6928022	6928148
6929519	6929638
6930531	6930704
6931099	6931326
6932279	6932446
6933034	6933151
6933243	6933369
6934167	6934258
6934932	6935113
6935899	6936026
6936547	6936689
6937168	6937330
6939192	6939347
6941857	6941962
6942100	6942213
6944813	6944998
6945858	6945974
6946619	6946702
6947414	6947533
6948357	6948410
6957206	6957401
6957911	6957973
6964356	6965268
6968534	6968705
6970666	6970806
7254138	7254190
7258326	7258389
7261490	7261560
7266740	7266757
7267858	7267891
7272851	7272997
7278310	7278356
7283069	7283177
7288083	7288244
7289296	7289422
7297299	7297438
7298742	7299669
7302450	7302852
8422725	8422745
8429463	8429621
8439060	8439239
8441397	8441486
8446775	8447349
8448532	8448723
8449316	8449436
8449696	8449803
8490797	8490938
8499675	8499850
8500242	8500443
8503031	8503205
8506689	8506888
8509869	8510159
8549354	8549458
8553929	8554350
8560703	8560880
8564704	8564813
8566046	8566184
8567990	8568140
8568754	8568877
8569028	8569099
8569602	8569741
8570426	8570569
8572699	8572964
8573750	8573864
8578378	8578535
8579858	8583994
8604140	8604197
8604852	8607412
9008703	9008797
9008991	9009135
9009585	9009661
9010787	9011007
9011095	9011200
9012844	9012947
9014379	9014595
9016140	9016460
9017181	9017329
9019487	9019633
9019918	9020072
9021859	9022073
9022162	9022284
9022996	9023254
9830657	9830861
9835090	9835251
9836121	9836561
9837779	9837911
9841218	9841306
9843207	9843257
9847761	9847883
9850680	9850775
9856291	9856364
9927470	9927704
9927757	9927832
9938206	9938262
9941241	9941330
9942808	9942870
9943583	9943619
9944435	9944461
9944675	9944752
9945634	9945696
9946181	9946216
9946328	9946369
9947742	9947819
9949236	9949298
9949558	9949614
9951310	9951354
9952748	9952801
9953182	9953223
9953928	9954015
9954374	9954409
9954730	9954840
9955091	9955183
9955900	9955995
9956346	9956416
9957005	9957175
9958044	9958212
9959376	9959468
9959947	9960051
9960891	9960988
9962366	9962516
9962638	9962751
9963530	9963697
9964770	9964850
9965435	9965569
9966282	9966380
9967428	9967517
9967888	9968027
9969013	9969139
9969407	9969487
9970110	9970208
9971159	9971209
9972177	9972362
9973033	9973163
9973602	9973665
9974967	9975038
9975160	9975279
9975472	9975570
9976159	9976371
9977037	9977214
9978263	9978377
9979650	9979822
9980058	9982731
9989565	9989821
9990680	9990774
9991819	9991907
9998504	9998662
10001009	10001026
10003857	10003919
10005853	10005937
10006303	10007122
10007852	10007898
10008247	10008381
10009170	10009638
10010503	10010675
10011863	10012191
10027043	10027130
10028258	10028353
10031420	10031478
10034792	10034844
10035573	10035666
10046185	10046300
10046834	10046996
10047961	10048117
10053501	10053620
10054159	10054277
10054307	10054316
10055272	10055481
10056309	10056489
10057141	10057220
10057512	10057604
10060393	10060551
10061159	10061250
10062843	10062954
10068602	10068663
10096969	10097026
10097261	10097375
10098084	10098159
10111280	10111353
10112586	10112730
10115892	10115950
10116615	10116737
10118316	10118415
10120241	10120348
10121044	10121150
10124272	10124374
10124754	10124868
10126517	10126593
10127324	10127486
10128065	10128696
10128721	10128775
10813375	10816377
10816756	10816929
10818030	10818184
10820786	10820945
10823190	10823334
10828561	10828666
10833974	10834077
10835120	10835214
10839209	10839285
10845737	10845820
10847332	10847404
10848635	10848711
10850054	10850152
10851925	10852081
10853231	10853379
10854645	10854759
10855211	10855285
10855951	10856074
10857453	10857559
10858744	10858830
10858924	10859001
10859463	10859536
10860746	10860852
10861122	10861204
10862055	10862263
10862985	10863088
10863679	10863868
10865259	10865349
10866495	10866519
10869301	10869512
10874955	10875040
10882312	10883026
10883768	10884205
10895939	10896210
10900406	10900723
10909321	10909349
10910252	10910373
10917638	10917676
10919180	10919260
10925355	10925475
10927618	10927746
10931296	10931403
10932910	10933097
10933860	10933910
10938852	10938938
10941397	10943708
11122120	11122312
11130364	11130471
11132950	11133113
11134284	11134413
11136077	11136209
11137085	11137166
11138482	11138647
11138743	11138885
11139934	11140029
11141284	11141479
11146451	11146529
11147573	11147687
11148415	11148548
11149442	11149565
11151587	11151711
11152171	11153383
11155066	11155249
11155794	11155948
11157173	11157274
11158077	11158279
11159031	11159162
11160440	11160635
11161631	11161967
11163505	11163644
11165651	11165794
11168375	11168550
11168695	11168896
11169416	11169610
11170445	11172365
11234544	11234570
11240655	11240702
11243483	11243581
11244211	11244325
11244723	11244856
11246023	11246064
11246838	11246905
11248191	11248285
11248369	11248404
11248504	11248586
11248965	11249130
11249544	11249755
11250672	11250715
11253961	11254065
11255231	11255261
11255388	11255551
11256642	11256804
11257311	11257390
11258422	11258509
11260092	11260214
11261119	11261275
11261613	11261708
11262315	11262381
11263327	11263489
11269477	11269587
11271997	11272115
11273040	11273207
11274470	11274978
11534215	11534237
11535617	11535659
11545140	11545443
11547920	11551311
13052859	13052968
13053064	13053139
13054911	13055035
13057304	13057403
13057971	13058072
13058413	13058514
13060802	13060912
13060995	13061085
13061754	13061956
13069264	13069348
13070544	13070724
13078217	13078283
13317975	13317990
13322406	13322558
13324388	13324536
13325341	13325482
13329561	13329713
13331251	13333413
13341989	13342210
13343129	13343282
13343533	13343654
13345447	13345535
13346723	13347885
13354357	13354471
13354894	13354971
13355274	13355377
13356508	13356687
13364621	13364634
13367609	13367718
13368629	13368672
13378588	13378772
13383267	13383347
13385828	13385947
13386591	13386644
13390154	13390212
13390705	13390888
13393095	13393139
13394148	13394243
13398414	13398488
13405036	13405148
13411733	13411784
13413060	13413160
13414371	13414476
13414905	13415113
13415326	13415395
13416614	13416708
13417997	13418181
13418518	13418622
13419007	13419099
13420284	13420471
13420799	13420908
13421288	13421398
13421640	13421701
13422330	13422398
13425631	13428157
13522406	13522625
13523197	13523283
13524152	13524238
13526276	13526336
13527037	13527213
13527377	13527802
13528095	13528196
13529017	13529142
13529433	13529547
13530161	13530240
13530864	13531037
13532328	13533294
13533315	13533328
13533354	13533398
13571506	13571664
13573404	13573577
13574082	13574252
13574559	13574629
13578132	13578212
13578924	13578993
13579844	13579978
13580765	13580837
13581613	13581744
13582681	13582860
13584523	13584680
13585340	13585528
13586406	13586467
13587062	13587212
13587299	13587415
13588411	13588428
13588520	13588673
13588758	13588878
13590057	13590181
13591060	13591238
13591719	13591841
13591925	13592004
13592682	13592724
13592822	13592931
13593771	13593867
13594752	13594824
13595625	13595802
13596468	13596655
13597102	13597190
13597385	13597465
13601119	13601208
13602649	13602842
13603784	13603914
13605497	13605573
13606214	13606319
13606357	13606406
13606574	13606601
13607224	13607364
13607421	13607503
13622697	13624022
13625373	13625444
13626528	13627230
13628095	13629932
13633200	13635854
13837459	13837534
13838473	13838480
13847911	13848084
13850549	13850683
13852864	13852934
13853027	13853107
13853956	13854025
13854829	13854963
13855377	13855449
13856086	13856217
13857383	13857553
13858013	13858170
13859613	13859801
13860118	13860179
13860908	13861058
13861658	13861744
13862414	13862567
13863163	13863274
13864839	13864963
13865767	13865930
13866945	13867067
13867714	13867793
13868566	13868608
13869196	13869305
13869387	13869483
13870227	13870299
13871501	13871675
13872131	13872339
13873270	13873358
13875406	13875486
13875982	13876422
14261995	14262009
14274569	14274767
14283446	14283564
14486000	14486030
14487730	14487804
14493054	14493212
14495366	14495467
14498335	14498372
14499090	14499186
14504642	14504652
14508244	14508350
14514096	14514186
14586552	14586747
14588140	14588249
14589608	14592497
14593308	14594057
14710553	14710648
14712463	14712500
14712922	14712966
14713414	14713553
14714500	14714648
14746409	14746463
14751213	14751377
14751849	14751933
14752419	14752575
14836349	14836474
14840825	14840971
14841844	14842033
14845275	14845406
14846485	14846627
14848040	14848129
14848481	14848521
14848980	14849074
14852100	14852227
14852743	14852838
14852931	14853081
14853573	14853690
14853852	14853927
14854847	14854987
14856049	14858295
15665087	15665127
15666132	15666299
15667353	15667574
15667726	15668709
15669320	15669501
15670596	15670753
15673406	15674707
15767381	15767606
15769561	15769786
15776431	15776608
15776870	15777001
15777478	15777674
15777972	15778119
15778592	15778710
15779566	15779644
15783923	15784060
15785050	15785124
15787583	15790146
15815039	15815105
15815627	15815696
15817310	15817373
15817996	15818240
15818271	15818469
15827141	15827284
15830032	15830131
15832212	15832328
15834278	15834429
15835226	15835304
15835905	15836047
15837080	15837268
15837851	15839707
15839729	15840383
15858699	15858771
15860762	15860975
15861556	15861775
15861964	15862107
15862878	15862971
15863332	15863454
15864665	15864760
15864904	15865043
15865420	15865589
15865806	15865925
15866527	15866612
15866726	15866789
15867127	15867194
15867552	15867619
15868002	15868083
15868721	15868945
15869411	15869551
15869816	15870419
15870441	15873097
15884891	15885104
15885241	15885311
15886487	15886699
15886790	15886942
15887142	15887419
15887495	15887621
15887713	15887859
15888211	15888305
15891147	15891341
15892739	15892830
15893347	15893391
15893608	15894923
15895333	15895428
15895518	15895645
15895752	15896050
15898775	15901466
15901569	15901802
15902119	15902258
15902449	15902613
15902690	15902845
15902969	15903099
15903332	15903420
15903718	15903928
15903957	15904129
15904216	15904335
15904538	15904740
15905440	15905518
15905762	15906208
15906413	15906649
15907035	15907169
15907258	15907436
15907563	15907722
15907800	15907898
15908473	15908655
15908748	15908821
15909097	15909161
15909446	15909645
15909876	15910044
15910129	15910299
15911101	15911138
15911222	15911319
15911531	15911973
15932388	15932577
15932718	15932900
15933048	15933206
15933532	15933730
15933820	15933972
15934225	15934346
15934447	15934602
15934818	15934934
15968515	15968653
15971680	15971825
15972585	15972697
15973629	15973725
15974572	15974633
15975480	15975554
15976359	15976485
15977549	15979498
15988123	15988155
15991669	15991763
15996517	15996533
15997640	15997720
16005401	16005545
16005914	16006040
16006561	16006666
16006853	16006989
16007943	16008052
16012247	16012340
16013170	16013290
16015782	16015930
16017275	16017351
16020591	16020642
16020758	16020898
16022116	16022163
16026223	16026303
16027587	16027658
16028518	16028566
16029064	16029177
16029780	16029898
16031386	16031523
16033601	16033678
16035977	16036144
16036355	16036414
16036716	16036919
16038771	16038785
16038857	16039135
16040773	16041049
16041118	16041203
16041336	16041422
16041722	16042006
16066129	16066280
16067107	16067248
16069649	16070207
16070669	16070840
16083572	16083590
16085239	16085282
16086278	16086351
16086598	16086767
16087610	16087815
16089046	16089189
16089929	16090155
16091537	16091600
16092924	16093052
16094056	16094144
16094743	16094821
16095136	16095309
16096266	16096377
16096981	16097177
16097779	16097874
16098379	16098441
16154972	16155059
16155569	16155688
16156172	16156342
16157350	16157505
16159894	16159918
16164527	16164684
16177999	16178033
16179186	16179297
16180221	16180313
16181479	16181569
16182473	16182596
16184097	16184236
16185014	16185090
16185980	16186054
16187109	16187199
16188511	16188569
16193732	16193836
16194977	16195092
16199204	16199322
16202661	16202780
16206175	16206344
16210326	16210408
16210743	16210907
16211232	16211352
16212293	16212478
16336080	16336160
16336838	16336934
16339480	16339553
16340000	16340863
16386913	16387753
16387775	16388792
16389374	16389499
16392733	16392908
16394082	16394157
16395694	16395782
16396370	16396572
16397818	16397923
16399207	16400559
16603287	16603374
16605100	16605235
16605310	16605484
16608289	16608387
16608908	16609024
16609137	16609252
16609463	16609637
16609764	16609936
16610028	16610162
16610251	16610323
16610402	16610540
16610653	16610837
16610955	16611065
16611154	16611536
16640982	16641406
16642818	16643019
16643062	16643181
16643311	16643743
16643836	16643997
16644141	16644204
16644407	16644569
16644985	16645138
16645246	16645326
16645579	16645685
16645796	16645969
16646810	16647038
16647709	16647854
16648032	16648076
16648167	16648276
16648392	16648547
16648755	16648870
16649118	16649318
16649654	16649765
16649888	16650002
16650192	16650393
16650498	16650616
16650703	16650969
16652496	16652635
16652728	16652772
16652983	16653092
16653187	16653342
16653570	16653667
16654435	16654638
16654927	16655041
16655310	16655424
16655739	16655943
16656046	16656179
16656257	16656532
16741753	16741770
16755681	16755794
16756824	16756986
16757495	16757644
16759049	16759209
16760062	16760235
16760471	16760612
16761249	16761436
16761549	16761690
16762428	16762606
16865700	16865759
16866530	16866654
16867018	16867203
16867293	16867470
16868669	16868749
16869446	16869523
16869604	16869916
16870383	16870528
16870821	16870956
16871409	16871510
16872155	16872262
16873154	16873244
16874029	16874152
16878799	16878924
16880422	16880532
16881601	16883322
16908541	16908609
16911973	16912094
16912446	16912552
16913126	16913261
16913525	16913618
16913994	16914063
16914345	16914484
16914682	16914758
16915256	16915368
16915685	16915735
16915857	16916006
16916745	16916876
16917106	16917273
16917884	16918096
16918386	16918654
16931625	16931698
16937034	16937299
16938699	16938781
16942084	16942219
16942314	16942455
16944749	16944868
16945372	16945507
16946217	16946314
16946457	16946568
16946882	16947016
16975754	16975892
16976229	16976390
16976718	16976931
16977049	16977203
16977633	16977764
16977876	16978000
16978124	16978300
16978383	16978493
16978618	16978820
16979119	16979491
16979586	16979745
16979822	16980111
16981196	16981421
16981505	16981638
16983513	16984121
17342298	17342401
17344973	17345024
17348642	17348704
17353939	17354006
17355475	17355700
17357020	17357130
17358267	17358351
17359172	17359335
17359620	17359733
17360544	17360624
17361465	17362092
17365704	17366048
17370359	17370469
17371819	17371906
17372436	17372602
17373427	17373540
17374460	17374543
17375016	17375540
17379161	17379166
17383238	17383393
17384877	17385057
17386535	17386701
17388350	17388466
17389508	17389594
17390111	17390191
17394617	17394938
17397798	17397908
17398811	17398895
17401134	17401306
17403096	17403203
17405278	17405359
17405897	17406063
17407486	17407593
17408544	17408633
17410099	17411632
17427806	17428036
17428138	17428270
17428526	17428665
17429788	17429956
17430143	17430252
17430377	17430520
17430892	17431029
17431317	17431406
17431647	17431726
17433118	17433244
17441999	17442079
17483298	17483302
17489270	17489343
17489745	17489828
17497543	17497657
17502685	17502775
17503981	17504100
17509427	17509543
17512699	17512848
17513851	17513975
17515543	17515657
17516314	17516433
17516953	17517144
17517498	17517689
17518089	17518266
17526907	17527010
17528409	17528497
17528721	17528757
17550005	17550106
17563583	17563716
17566637	17566703
17567830	17567945
17568661	17568730
17573405	17573497
17574005	17574097
17576343	17576468
17580543	17580764
17582025	17582117
17582528	17582606
17585655	17585727
17588807	17588916
17592751	17592846
17595372	17595461
17597160	17597231
17598905	17598991
17601025	17601143
17602224	17602317
17603468	17603521
17603784	17603836
17603851	17604261
17610409	17610505
17612617	17613341
17614434	17614556
17617278	17617335
17617854	17618021
17621333	17621472
17629710	17629755
17630769	17630908
17631321	17631416
17631570	17631691
17632622	17632769
17633550	17633671
17634783	17634894
17635266	17635347
17636133	17636260
17637164	17637347
17637898	17638007
17639257	17639473
17640180	17640266
17640821	17640870
17641810	17641947
17643287	17643394
17644374	17644445
17645997	17647550
17658255	17658321
17661151	17661221
17661466	17661682
17662928	17663096
17663591	17663721
17667622	17667704
17667941	17668037
17669021	17669086
17670423	17670521
17671447	17671482
17671966	17672066
18383375	18383417
18383779	18383858
18384524	18384594
18392566	18392773
18393275	18393373
18395143	18395269
18474749	18474868
18475879	18476025
18477032	18477190
18478118	18478210
18478297	18478425
18478950	18479141
18480750	18480847
18481155	18481287
18484217	18484411
18485077	18485241
18485803	18485940
18486829	18487037
18488206	18488329
18489063	18489222
18489521	18489627
18490903	18491043
18491193	18491372
18491590	18491672
18492287	18492441
18494190	18494287
18675558	18675669
18677513	18677710
18678772	18678898
18679412	18679508
18685273	18685368
18691798	18691914
18692809	18692952
18693821	18693891
18694704	18694901
18696222	18696387
18696773	18696930
18697556	18703939
18764653	18764798
18765382	18765442
18766093	18766189
18766756	18766886
18767160	18767255
18767684	18767986
18831835	18832014
18836120	18836158
18836860	18836966
18837803	18837866
18838587	18838749
18838901	18838967
18839097	18839298
18840463	18840679
18841827	18845563
18929322	18929576
18931099	18931218
18932908	18933074
18933186	18933286
18934336	18934547
19413362	19413458
19413911	19413939
19416072	19416147
19418610	19418674
19420820	19420835
19422264	19422302
19427551	19427642
19437018	19437113
19452572	19452602
19455271	19455380
19455467	19455485
19459770	19459915
19461367	19461586
19463521	19463653
19464593	19464734
19465016	19465079
19465181	19465278
19467001	19467061
19468226	19468347
19468820	19468894
19471250	19471377
19471557	19471722
19472606	19472707
19474407	19474433
20812298	20812320
20820959	20821181
20824267	20824491
20825935	20825977
20826671	20826787
20827502	20827950
20834687	20835242
20838457	20838872
21121617	21121770
21122098	21122225
21122523	21122668
21123419	21123527
21124955	21125020
21130540	21130598
21131099	21131191
21134488	21134637
21135432	21135515
21137205	21137286
21139266	21139376
21140588	21140737
21142219	21142435
21143356	21143469
21145453	21145581
21145877	21145995
21146146	21146259
21151795	21151905
21152579	21152667
21156021	21156134
21157598	21157647
21158555	21158689
21160919	21161072
21161674	21161788
21162353	21162577
21294823	21295155
21296215	21296415
21300697	21300861
21302504	21302743
21304953	21305059
21307938	21308101
21309234	21309331
21310051	21310074
21313901	21314085
21317203	21317329
21319444	21319608
21322487	21322601
21322953	21323123
21323770	21323913
21325423	21325578
21325810	21325910
21327188	21327319
21328239	21328398
21329003	21329142
21330691	21330770
21330824	21330971
21336648	21337325
21337969	21338064
21338580	21338836
21339366	21339490
21340227	21340342
21340880	21341042
21341436	21341623
21342493	21342597
21344753	21344854
21345270	21345473
21345647	21347734
21347757	21349622
21349675	21349846
21350316	21350996
21353604	21353642
21355018	21355122
21356618	21356749
21356997	21357052
21360359	21360500
21361358	21361387
21361419	21361511
21361892	21362013
21363078	21363332
21427396	21427800
21432601	21432837
21433595	21433812
21435605	21435751
21436645	21436853
21437373	21438250
21439448	21443042
21443132	21443163
21512565	21512628
21513687	21513742
21514698	21514959
21515579	21515737
21517123	21517200
21518713	21518871
21519337	21519435
21520562	21520737
21522222	21522441
21522771	21523112
21524530	21524677
21524991	21525244
21525940	21526096
21527390	21527504
21528213	21528363
21528448	21528673
21532532	21532683
21584230	21584329
21599903	21600157
21601051	21601200
21601578	21601745
21604208	21604375
21605250	21605417
21606166	21606333
21607427	21607594
21608735	21608902
21610054	21610368
21613611	21613618
21615353	21615554
21615683	21615804
21616669	21616790
21616949	21617013
21617734	21617817
21618811	21618939
21620150	21620245
21620855	21621009
21621093	21621248
21622312	21622438
21622692	21622885
21627047	21627116
21951667	21951772
21953526	21953742
21955417	21955564
21956600	21956756
21962005	21963367
21965469	21965556
21968473	21968499
21975535	21975701
21978082	21978159
21979893	21980062
21981133	21981277
21983994	21984230
21984792	21984978
21985795	21985878
21985913	21987612
22247081	22247418
22248708	22248847
22259431	22259505
22260709	22260758
22262112	22262165
22262665	22262815
22263974	22264056
22264601	22264684
22267096	22267260
22269143	22269466
22270665	22270771
22271315	22271394
22271983	22272095
22273153	22273320
22273733	22273801
22275205	22275285
22275615	22275773
22374597	22374813
22375558	22375611
22376936	22377053
22377687	22377813
22378120	22378198
22378500	22378582
22380055	22380127
22386691	22386750
22447118	22447205
22447708	22447821
22449234	22449327
22450611	22450656
22450790	22450903
22453545	22453706
22454569	22454689
22455190	22455323
22455539	22455642
22455946	22456043
22456632	22456663
22457080	22457354
22457985	22458144
22459348	22459503
22460529	22460670
22461322	22462515
23006600	23006677
23008475	23008651
23021613	23021733
23023763	23023836
23028381	23028470
23029214	23029264
23029918	23030069
23031635	23031806
23034053	23034152
23034771	23034883
23035834	23035959
23036452	23036583
23036751	23036867
23037483	23037596
23037822	23037906
23038489	23038606
23038980	23039151
23039710	23039826
23040260	23040414
23040689	23040773
23041535	23041591
23041956	23042080
23042444	23042532
23043744	23043793
23045150	23045320
23045792	23045941
23047199	23047405
23048332	23048486
23050087	23050255
23051106	23051145
23051610	23051722
23051810	23051935
23052663	23052791
23052891	23052998
23053094	23053156
23053404	23053535
23054558	23054642
23055627	23055732
23057785	23057857
23058577	23058693
23059966	23060114
23060625	23060709
23060803	23060859
23061459	23061583
23061847	23061935
23063130	23063179
23063528	23063638
23822238	23822339
23822426	23822560
23823158	23823254
23823716	23823796
23823995	23824123
23824633	23824723
23824864	23824942
23825228	23825324
23825520	23825637
23827466	23827611
23828133	23828245
23828882	23828954
23829410	23829516
23830048	23830118
23830548	23831295
23930517	23930691
23935699	23935860
23937753	23938102
23976411	23976455
23977093	23977182
23977269	23977298
23977378	23977430
23978152	23978247
23978348	23978358
23981471	23981557
23984709	23984944
23984967	23985011
23988815	23988871
23989020	23989124
23990283	23990354
23991004	23991166
23991860	23991954
23992861	23992959
24030222	24030330
24033332	24033400
24037699	24037808
24038119	24038208
24042593	24042617
24043717	24043781
24044194	24044329
24044716	24044863
24045270	24045390
24047456	24047473
24048367	24048456
24055105	24055197
24249799	24249861
24250662	24250836
24251471	24251607
24252199	24252261
24252348	24252910
24543136	24543350
24552601	24552810
24553744	24554138
24562830	24563008
24565096	24565230
24568564	24568818
24592713	24592813
24598891	24599011
24599430	24599494
24600779	24600878
24600994	24601098
24601347	24601488
24602565	24602676
24602768	24602870
24696104	24696332
24696773	24696871
24697368	24697499
24698105	24698485
24817155	24817343
24817969	24818153
24818553	24818670
24819405	24819620
24821222	24821386
24826775	24826928
24827599	24827759
24828703	24829839
24863550	24863676
24864013	24864256
24865481	24865610
24867093	24867263
24867420	24867473
24868461	24868559
24869144	24869237
24872890	24873010
24873920	24874091
24875576	24875683
24876254	24876415
24877514	24877585
24880192	24880286
24880915	24881015
24881581	24881760
24881853	24881960
24882441	24882565
24882985	24883069
24883556	24883702
24884121	24884200
24885460	24885519
24885988	24886348
24887123	24888346
24889383	24889489
25000231	25001145
25002516	25002708
25003322	25003731
25009801	25010358
25011999	25012105
25013001	25013202
25013883	25013921
25015046	25015216
25015694	25015773
25016636	25016710
25016842	25017008
25017548	25017623
25018084	25018224
25018710	25018812
25019119	25019206
25020042	25020097
25020203	25020267
25020767	25020910
25021395	25021512
25022149	25022247
25022799	25022972
25023263	25023349
25023984	25024067
25024166	25024265
25024351	25024441
25024831	25024951
25025526	25025678
25026281	25026466
25338072	25338320
25338941	25339331
25339836	25342712
25344221	25344567
25346930	25348297
25348857	25348949
25360144	25360286
25362172	25362338
25363747	25363992
25364361	25365640
25368693	25369724
25400296	25400709
25400929	25401244
25401486	25401592
25404935	25405465
25407143	25407205
25412863	25413064
25416270	25416440
25417368	25417624
25435706	25435810
25436601	25436699
25436776	25436933
25437904	25437968
25438744	25439129
25439314	25439393
25439744	25439896
25440163	25440388
25440792	25441055
25553671	25553864
25555694	25557729
25580797	25580883
25582139	25582290
25582779	25582973
25660643	25660696
25664713	25664756
25665323	25665476
25667284	25667373
25667463	25667611
25669000	25669180
25674298	25674474
25675301	25675390
25676038	25676180
25676278	25676415
25676862	25677940
25677971	25678671
25681415	25681569
25683198	25683442
25684361	25684573
25685085	25685258
25685835	25686089
25687258	25687423
25688376	25688515
25689070	25689158
25689379	25689401
25689407	25689590
25690095	25690245
25691849	25692061
25692399	25692606
25693067	25693206
25693676	25693804
25694367	25694473
25695187	25695403
25696055	25696194
25696600	25696761
25723408	25723608
25727835	25727957
25729671	25729854
25732731	25732810
25733493	25733580
25736031	25736073
25752100	25752205
