6862	6892
9045	9149
10782	10930
11415	11643
12035	12205
13670	13818
14390	14561
14869	15008
23263	23309
34888	34915
54691	54895
55842	55942
59222	59450
60094	60230
63892	64009
64550	64600
70455	71240
80564	80690
81220	81372
82940	83113
83948	84148
84573	84695
85340	85455
85694	85828
88216	88675
89043	89240
89356	89453
90057	90246
91674	91768
92168	92302
92582	92785
94295	94410
94854	95029
95383	95574
95863	95943
96042	96227
96529	96708
96937	97140
98358	98668
98811	99017
100925	101089
101291	101409
101514	101668
102006	102209
103211	103361
103865	104043
104578	104697
104842	104955
105771	105994
106311	106512
107560	107711
108199	108290
108436	108587
108886	109128
110605	110793
111334	111561
111965	112185
112715	112813
112941	113192
114814	114824
118327	118387
119141	119387
122913	123021
123920	123970
125670	125782
126548	126630
126794	126897
127856	128000
128603	128699
129065	129153
129655	129821
130383	130420
133303	133378
133716	134272
149363	149518
150342	150390
150902	151004
151382	151535
152627	152715
152806	152971
154306	154391
154623	157077
158559	158618
159743	159842
159997	160061
160150	160267
160733	160836
222074	222134
222997	223055
224040	224142
224800	224991
225322	225422
225520	225667
225918	225965
226064	226361
229987	230892
235025	235099
235194	235373
235961	236182
236643	236735
237126	237289
237386	237750
237774	237891
243338	243733
246551	246823
248169	248468
249098	249168
249256	249328
249824	249922
250391	250648
252119	252200
252967	253128
255564	255630
256109	256193
257200	257244
258448	258586
259181	259263
259423	259500
260074	260139
260361	260426
260764	260852
261486	261576
272610	272937
273272	273355
273759	273835
274012	274075
274516	276134
279221	279419
280171	280304
280506	280643
282715	282819
283101	283226
283460	283660
284295	284415
284620	284801
285223	285309
285811	286839
330369	330560
331776	331891
332040	332211
348490	348562
348797	348894
349047	349125
349138	349414
349790	349894
349998	350024
367887	368016
373903	374092
374460	374537
375427	375526
376168	376357
376661	376839
377722	378255
381866	382014
383980	384069
385845	386206
457466	457556
457822	458349
458499	458653
458677	458877
588503	588791
590286	590437
591214	591834
601712	601845
603367	603436
603675	604430
673048	673156
673279	673439
673945	674028
674111	674330
674765	674922
675770	675892
676270	676391
677114	677357
677458	677640
678524	678769
679250	679463
679959	680128
680247	680338
680628	680748
681398	681580
681787	681945
682330	682681
707871	708050
708488	709105
709991	710172
710772	710930
711167	711360
711924	712204
712789	713048
713638	713826
714286	714484
715134	715192
715436	715589
716069	716215
716761	716859
717494	717616
717916	718096
718652	718825
719108	719266
719558	720171
720457	720622
721157	721374
721854	722045
722159	722320
722757	723897
724353	724546
724906	725058
725724	729050
729805	729941
730239	730334
730746	730864
731325	731522
732036	732112
732840	732987
733274	733409
733792	733980
734400	734539
734956	735110
735566	735778
736110	736291
736976	737302
737534	737713
738045	738404
739032	739146
739619	739667
741312	741502
742006	742134
742349	742453
743292	743534
744130	744211
744773	744807
745126	745220
745549	745708
746008	746188
746915	747009
747300	747551
747749	747881
748446	748529
748813	749309
749393	749470
749767	749964
750027	750106
750150	750294
750394	750572
751105	751258
752589	752702
753078	753117
753204	753316
753354	753539
757729	757836
757995	758084
817125	817304
818300	818446
820545	820720
826136	826195
829641	829741
830630	830774
837567	837642
845229	845312
846252	846416
848281	848355
848812	848877
849437	849628
851021	851161
852855	853028
853036	853141
855674	855832
861285	861403
861697	861765
865053	865204
866002	866176
866461	866622
872094	872618
874001	874131
875592	875758
876389	876497
876608	876854
878271	878450
878467	878781
878832	878961
880146	880479
880566	880918
881531	881628
882192	882595
883691	883802
888422	888817
889547	889756
890008	890330
891012	891030
891069	891196
891839	892049
902703	902790
903434	903520
903878	903958
904342	904392
954717	955172
956185	956386
956765	957041
957123	957191
957359	957521
957739	957903
1099052	1099234
1099282	1099728
1100373	1100536
1101123	1101486
1101711	1101809
1272490	1272589
1275551	1275644
1278771	1278813
1278907	1279071
1279399	1279883
1285659	1285755
1289186	1289227
1289491	1289553
1291958	1292608
2221595	2221696
2231419	2231511
2233683	2233746
2237267	2237410
2237710	2237805
2241483	2241601
2242375	2242527
2242938	2243111
2244394	2244567
2245300	2245414
2246428	2246490
2248844	2249037
2250159	2250280
2250983	2251052
2251150	2251310
2251893	2252001
2252087	2252218
2252919	2253125
2254137	2254274
2254763	2254886
2257374	2257545
2258294	2258506
2260160	2260397
2261504	2261608
2262584	2262736
2263025	2263273
2263784	2263996
2264924	2265136
2265511	2265672
2266294	2266390
2267062	2267150
2268421	2268630
2269501	2269685
2271493	2271637
2915400	2915408
2925419	2925525
2927133	2927436
3158018	3158086
3158110	3158292
3166433	3166766
3167045	3167369
3167710	3167863
3170540	3170869
3171504	3171575
3175089	3175595
3252522	3252583
3253706	3253829
3254653	3254710
3257561	3257714
3260276	3260382
3261302	3261499
3261705	3261797
3261911	3262026
3262829	3264700
3266153	3266894
3270400	3270531
3272121	3272264
3272345	3272501
3273163	3273190
3274246	3274354
3274846	3274938
3275255	3275318
3275400	3275528
3276393	3276496
3276583	3276721
3277276	3277394
3278142	3278291
3278747	3278917
3279536	3279845
3280015	3280088
3280324	3280411
3280494	3280611
3281927	3282050
3282141	3282277
3282349	3282604
3282785	3283027
3283379	3283555
3283636	3283781
3283864	3283954
3284514	3284616
3285106	3285198
3285293	3285411
3285681	3285877
3286054	3286237
3286968	3287133
3287727	3287851
3288048	3288416
3288424	3288645
3288765	3288890
3290426	3290638
3290675	3290779
3290853	3290948
3291069	3291206
3301670	3301842
3302030	3302077
3303311	3303524
3303614	3303757
3303849	3304005
3305424	3305527
3305618	3305756
3306717	3306835
3306934	3307083
3307598	3307768
3308295	3308432
3309463	3309550
3309649	3309766
3310084	3310156
3310596	3310732
3310823	3311078
3319851	3319947
3323108	3323172
3328304	3328574
3330328	3330355
3330453	3330567
3330661	3330753
3330852	3330915
3330997	3331095
3331197	3331300
3331374	3331512
3332206	3332324
3332423	3332572
3332899	3333069
3333548	3333857
3333987	3334057
3334713	3334800
3334893	3335010
3343816	3343834
3343836	3344021
3344109	3344252
3344344	3344500
3346685	3346803
3346895	3347044
3347617	3347787
3348027	3348333
3348417	3348499
3350909	3350959
3351058	3351093
3351411	3351498
3351592	3351743
3352681	3352884
3353549	3353674
3353769	3353939
3354031	3354135
3354278	3354373
3354881	3355033
3356773	3356869
3364741	3364859
3364960	3365109
3365733	3365903
3366318	3366627
3367822	3367939
3368153	3368276
3368359	3368495
3369241	3369496
3371852	3371978
3372527	3372645
3374889	3375092
3375505	3375630
3375725	3375895
3375987	3376091
3376359	3376454
3376664	3376812
3386134	3386350
3386447	3386590
3386682	3386838
3387362	3387389
3387480	3387591
3390738	3390830
3390927	3390990
3391080	3391178
3391244	3391377
3392282	3392420
3392838	3392956
3393057	3393206
3393289	3393459
3393791	3394100
3394171	3394199
3395765	3395852
3396533	3396650
3397189	3397312
3397752	3397888
3398568	3398823
3399386	3399628
3400281	3400457
3401065	3401210
3401297	3401387
3401737	3402144
3402219	3402345
3402730	3402848
3403909	3404131
3404560	3404765
3405602	3405767
3406534	3406658
3408127	3408435
3408525	3408728
3409856	3409981
3410911	3410964
3479514	3479705
3481006	3481178
3482004	3482043
3483546	3483661
3487535	3487609
3490196	3490274
3494349	3494472
3496752	3496831
3498089	3498187
3498852	3498965
3542948	3543347
3545106	3545153
3548936	3549116
3550192	3550443
3558639	3558660
4050140	4050217
4054180	4054296
4054397	4054496
4064494	4064594
4082976	4083071
4116677	4116760
4124764	4124859
4126724	4126747
4129955	4130050
4138194	4138318
4145628	4145763
4153679	4153747
4154931	4155005
4157405	4157485
4252252	4253675
4254082	4254535
4254655	4254807
4303857	4303931
4305640	4305741
4306267	4306354
4306864	4306958
4308271	4308461
4310196	4310281
4310937	4311038
4311539	4311660
4311905	4312056
4421327	4421411
4422521	4422562
4424833	4424906
4425816	4425944
4429916	4430119
4660027	4660150
4661231	4661328
4661478	4661557
4661654	4661774
4662111	4662200
4662523	4662627
4662841	4663006
4663458	4663552
4664001	4664150
4664342	4664509
4665795	4665995
4668203	4668304
4668583	4668693
4698195	4698495
4699774	4699917
4700668	4700801
4706718	4706834
4706863	4706986
4707746	4708072
4709553	4709894
4711731	4711837
4712855	4713488
4915371	4915564
4920123	4920251
4920652	4920733
4921334	4921471
4926920	4927037
4929857	4929952
4931150	4931246
4932660	4932711
4933502	4934166
4934188	4935576
5299594	5299808
5305369	5307954
5314975	5315181
5316399	5316565
5317751	5317831
5318430	5318487
5318695	5318840
5324193	5324342
5325553	5325699
5326104	5326226
5327536	5327619
5328985	5329216
5331145	5331312
5332380	5332571
5333345	5333476
5336216	5336332
5338575	5338772
5340063	5340133
5341841	5341988
5669780	5670007
5670197	5670585
5673612	5673898
5675145	5675280
5675397	5675535
5676580	5676707
5678488	5678524
5723150	5723362
5728380	5728514
5733643	5733795
5736058	5736158
5737661	5737796
5741536	5741741
5745469	5746093
5748098	5748266
5748445	5748616
5748983	5749121
5749799	5749902
5751135	5751224
5752672	5752771
5753163	5753333
5767041	5767240
5769739	5769828
5769946	5770003
5770602	5770776
5771558	5771665
5772385	5772523
5773358	5773461
5773613	5773696
5774254	5774353
5774523	5774924
5774947	5775026
5775052	5775697
5823087	5823287
5824361	5824525
5854033	5854361
5855634	5855840
5855874	5856111
5856676	5856948
5857215	5857352
5859514	5859566
5860007	5860070
5860184	5860278
5860482	5860557
5860935	5861035
5861633	5861798
5862669	5863169
5882353	5882424
5897472	5897643
5905469	5905528
5909736	5909812
5914944	5915003
5920334	5920444
5921116	5921213
5922691	5922754
5924447	5924590
5925221	5925330
5926133	5926283
5927025	5927539
5929924	5930007
5930281	5930435
5931304	5931416
5932440	5932565
5933579	5933668
5935950	5936607
5937485	5937597
5938122	5938325
5939002	5939059
5940456	5941177
5941599	5941676
5941788	5941865
5941915	5942002
5942020	5942126
5942150	5942314
5942431	5942986
5943135	5943311
5943348	5943424
5943460	5943722
5944177	5944300
5961132	5961295
5968984	5969036
5970703	5970769
5975503	5975675
5976077	5976192
5976889	5976944
5977455	5977600
5983536	5983606
5984274	5984420
5985069	5985215
5985535	5985775
5985949	5986130
5994777	5995073
5996119	5996368
5997548	5998167
5998381	5998866
5999574	5999635
6000220	6000514
6042659	6043214
6045928	6046724
6048388	6048964
6060297	6060305
6060556	6060621
6061685	6061869
6062542	6062647
6063144	6063366
6064434	6064601
6070098	6070190
6071171	6071239
6072400	6072545
6072729	6072881
6073303	6073401
6073994	6074056
6074370	6074436
6077970	6078090
6078506	6078601
6078880	6078943
6079455	6079496
6079646	6079779
6080156	6080411
6093216	6093248
6094631	6094746
6095258	6095371
6096265	6096460
6097150	6097232
6097460	6097569
6097897	6097979
6098227	6098367
6101679	6101777
6102059	6102123
6102406	6102565
6103297	6103391
6103615	6103744
6104162	6104237
6105058	6105110
6105542	6105764
6106966	6106979
6108950	6109042
6116367	6116536
6122383	6122482
6123185	6123339
6123998	6124121
6125311	6125436
6126491	6126652
6127225	6127332
6127969	6128064
6128302	6128427
6129259	6129405
6129549	6129703
6130995	6131092
6131604	6131785
6132497	6132675
6133086	6133224
6133739	6133932
6134277	6134427
6135009	6135092
6135178	6135288
6135922	6136014
6136806	6140615
6163078	6163235
6168651	6168811
6171654	6171814
6173489	6173596
6174087	6174198
6175485	6175600
6175796	6175965
6176267	6176429
6177193	6177383
6177970	6178149
6178759	6178864
6178950	6179093
6179845	6180051
6181468	6181572
6185961	6186117
6186208	6186387
6188440	6188861
6189179	6189251
6189933	6189978
6190299	6190457
6190792	6190928
6191195	6191504
6195597	6195790
6197095	6197179
6198034	6198069
6198141	6198371
6198649	6198820
6199158	6199238
6200327	6200856
6209540	6209650
6209684	6209779
6210328	6210558
6211123	6211318
6213507	6214132
6219247	6219587
6221267	6221375
6221909	6222044
6223548	6223640
6223857	6223973
6224182	6224304
6225402	6225478
6228067	6228207
6237425	6237600
6239705	6239737
6239987	6240094
6240756	6240815
6241040	6241106
6241186	6241363
6241476	6241520
6241914	6241982
6242162	6242231
6242555	6242659
6242922	6243014
6243249	6243352
6243537	6243654
6244188	6244312
6244565	6244655
6244927	6244983
6245070	6245645
6247542	6247794
6247968	6248036
6248340	6248419
6248637	6248742
6248816	6248887
6249009	6249092
6249344	6249464
6250784	6251106
6251189	6252330
6252357	6253989
6410416	6410567
6413597	6413824
6415282	6415381
6415884	6415920
6416708	6416766
6416890	6416966
6417510	6417603
6418733	6418873
6419293	6419954
6420104	6420185
6421036	6421287
6421734	6421806
6421905	6422005
6595387	6595594
6595686	6595831
6595971	6596066
6596934	6597064
6597306	6597414
6597546	6597654
6597954	6598048
6598129	6598246
6598478	6598660
6599057	6599178
6599632	6599707
6599820	6599914
6600133	6600243
6600339	6600440
6600586	6600724
6601053	6603630
6603852	6606324
6671398	6671475
6674660	6674693
6687545	6687612
6697674	6697738
6704356	6704434
6706439	6706536
6710947	6711069
6713394	6713562
6714932	6715117
6718851	6718976
6719470	6719625
6720305	6720475
6721257	6721440
6722567	6722697
6723913	6724113
6730372	6730381
6733620	6733704
6734116	6734191
6734632	6734730
6735520	6735643
6736406	6736509
6737041	6737121
6738057	6738194
6739178	6739259
6739721	6739837
6740800	6741069
6741632	6741699
6742086	6742408
6742879	6743141
6743325	6743494
6744404	6744514
6745696	6747249
6747283	6747724
6747752	6747950
6766103	6766236
6766323	6766377
6766903	6767034
6770103	6770174
6778295	6778345
6780562	6780642
6781952	6782300
6782918	6783015
6784979	6785006
6789089	6789232
6790229	6790308
6790973	6791224
6796183	6796283
6796368	6796428
6797189	6797303
6797383	6797525
6832119	6832231
6834573	6834758
6835684	6836523
6840018	6840184
6840690	6840786
6841275	6841346
6841671	6841733
6841851	6841978
6842180	6842216
6842915	6842995
6888137	6888187
6888312	6888536
6890809	6890979
6893631	6893744
6895344	6895450
6895924	6896040
6896764	6896986
6897387	6897443
6897539	6897679
6898072	6898162
6898810	6898961
6900154	6900232
6900823	6900987
6902096	6902323
6902808	6902941
6904427	6904507
6904880	6904971
6905299	6905457
6905922	6905979
6908156	6908184
6911213	6911319
6911515	6911633
6932172	6932880
6940352	6941718
6959566	6959914
6960659	6960825
6961075	6961255
6962093	6962280
6962816	6962995
6963890	6964530
6966667	6966844
6967627	6967724
6968824	6968919
6970072	6970194
6970724	6970837
6971345	6971446
6972721	6972828
6973017	6973101
6973707	6973900
6974168	6974339
6974735	6974908
6975590	6976351
6976377	6977068
6988539	6988991
6990511	6991106
6991628	6991742
6992300	6992511
6992627	6992795
6993129	6993282
6994632	6994757
6994844	6995073
6995282	6995442
6995967	6996154
6996684	6997024
7047680	7047910
7048467	7048602
7049367	7049393
7049548	7049682
7049903	7049962
7050139	7050233
7050321	7050968
7051651	7051718
7051742	7051801
7086629	7086680
7087064	7087399
7087608	7087695
7087906	7088032
7103087	7103573
7104032	7104207
7104520	7104722
7105127	7105207
7105358	7105574
7105975	7106151
7106994	7107256
7107364	7107559
7107948	7108281
7108620	7110722
7111956	7112243
7114086	7114184
7114636	7114800
7116204	7116346
7116912	7117065
7117893	7118159
7121054	7121787
7121886	7121998
7122176	7122268
7122625	7122746
7122941	7123073
7123585	7123700
7124719	7124908
7125257	7125781
7140237	7140337
7141465	7141660
7144722	7144850
7145814	7145867
7148430	7148548
7148774	7148936
7149346	7149441
7150344	7150492
7151110	7151201
7152272	7152348
7175014	7175250
7180487	7180634
7180736	7180839
7181320	7181494
7181819	7181934
7182610	7182760
7182954	7183069
7183762	7183862
7184487	7184595
7184926	7185115
7185638	7185825
7186378	7186524
7186697	7186978
7187772	7187893
7188623	7188738
7189200	7189321
7189577	7189726
7190199	7190349
7196936	7197506
7197865	7197983
7199573	7199656
7199931	7200038
7200131	7200215
7200452	7200528
7204601	7204694
7204937	7205074
7205163	7205227
7205582	7205736
7205966	7206109
7206347	7206548
7206647	7206777
7206878	7206982
7207482	7207556
7207767	7207979
7208136	7208328
7209050	7209218
7209638	7209846
7209956	7210155
7210234	7210356
7212918	7213007
7214013	7214157
7215871	7215995
7392786	7392985
7393167	7393212
7393806	7393901
7399429	7399437
7402893	7402962
7404951	7404994
7405133	7405309
7406177	7406302
7407202	7407339
7409616	7409741
7410590	7410651
7411805	7411936
7415991	7416209
7418502	7418679
7419436	7419597
7420563	7420655
7422018	7422221
7423440	7423586
7423981	7424068
7424852	7424918
7426010	7426136
7426446	7426622
7427462	7427629
7428356	7428539
7429408	7429513
7430196	7430349
7431743	7431960
7435220	7435238
7435307	7435510
7435908	7435946
7436357	7436530
7436593	7436666
7436791	7436941
7437449	7437607
7437942	7438165
7439132	7439326
7439344	7439538
7439722	7439829
7439965	7440073
7453056	7453266
7459829	7459895
7460902	7460941
7461205	7461349
7462352	7462426
7462516	7462620
7464507	7464668
7465088	7465371
7465898	7466058
7470856	7470996
7471102	7471207
7472533	7473056
7497300	7497500
7499657	7501168
7664569	7666187
7667078	7667210
7667750	7667851
7668509	7668621
7668955	7669030
7670995	7671147
7711766	7711845
7712047	7712132
7712709	7712834
7713711	7713885
7714210	7714310
7715059	7715149
7715470	7715593
7716554	7716728
7717437	7717577
7725688	7725848
7725885	7726209
7733295	7733396
7733427	7733774
8208793	8208819
8212847	8213076
8215456	8215597
8217964	8218152
8219593	8219730
8222522	8222848
8224128	8224190
8226758	8226889
8227248	8227367
8228566	8228704
8228803	8228893
8229616	8229755
8231172	8231291
8232761	8232966
8233476	8233481
8233575	8233710
8240536	8240639
8240857	8241027
8242640	8242753
8243010	8243147
8244203	8244277
8244764	8244855
8246316	8246635
8246739	8246830
8247019	8247194
8247818	8247893
8247971	8248065
8248953	8249072
8249245	8249398
8249719	8249786
8251336	8251415
8251625	8251680
8252585	8252692
8259699	8259818
8263131	8263213
8265440	8265575
8267318	8267476
8267997	8268097
8268656	8268879
8270370	8270508
8271013	8271198
8271745	8271877
8272267	8272432
8273086	8273144
8274110	8274220
8274618	8274793
8275109	8275228
8276362	8276500
8277066	8277156
8277713	8277852
8278301	8278420
8278992	8279142
8279388	8279554
8279972	8280099
8281152	8281289
8282713	8282811
8283344	8283514
8283671	8283784
8283978	8284085
8284656	8284724
8285262	8285327
8287543	8287632
8288425	8288539
8288798	8288931
8293491	8293603
8293654	8293799
8294667	8294776
8297029	8297306
8298015	8298094
8298163	8298242
8298247	8298594
8298721	8298936
8298953	8299087
8299820	8299912
8300353	8301129
8303168	8303277
8303679	8303895
8305019	8305177
8305435	8305535
8305757	8305983
8306934	8307072
8307437	8307622
8308562	8308709
8309312	8309483
8310463	8310521
8310921	8311031
8311877	8312052
8312889	8313027
8315190	8315280
8315583	8315722
8316297	8316470
8317972	8318120
8319682	8319805
8320538	8320665
8321040	8321177
8321653	8321766
8322109	8322279
8322627	8322737
8323345	8323479
8324984	8325013
8325832	8325923
8326368	8326488
8326804	8326921
8327405	8327496
8327808	8327827
8334265	8334405
8334630	8334709
8334790	8334849
8336359	8336471
8338251	8338334
8392448	8392494
8395065	8395246
8397680	8397837
8403738	8403835
8404489	8404604
8407157	8407337
8407881	8407990
8409120	8409580
8449215	8449399
8452953	8453049
8456841	8456938
8457954	8458046
8458291	8458361
8459026	8459133
8459499	8459663
8459793	8459900
8461263	8461384
8461584	8461637
8462079	8462200
8503834	8504068
8504850	8504993
8505650	8505778
8506589	8507443
8507994	8508247
8510495	8510536
8581034	8581094
8591287	8591337
8591502	8591608
8592063	8592114
8594200	8594258
8594661	8594737
8597391	8597472
8598365	8598427
8599363	8599437
8603997	8604096
8604183	8604256
8605401	8605430
8606019	8606080
8608458	8608571
8609443	8609558
8610437	8610524
8611028	8611166
8611794	8611906
8612843	8613361
8613385	8614956
9078923	9078955
9088363	9088474
9089183	9089311
9096036	9096236
9100056	9100212
9100306	9100440
9101194	9101290
9102242	9102417
9115612	9115780
9116371	9116434
9117113	9117195
9121267	9121410
9122783	9122881
9123958	9124049
9125609	9125671
9126304	9126442
9133058	9133138
9134501	9134608
9137019	9137159
9141554	9141718
9167111	9167225
9172235	9172507
9173053	9173139
9174019	9174159
9174316	9174473
9175382	9175627
9177649	9177775
9185893	9186098
9244164	9244173
9248294	9248377
9254151	9254291
9255125	9255663
9263693	9264077
9269846	9269920
9272038	9272175
9272892	9273883
9391606	9391627
9399809	9400093
9400188	9400209
9410145	9410278
9416348	9416436
9427052	9427186
9430927	9430962
9440404	9440475
9449508	9449603
9457546	9457701
9458728	9458791
9462010	9462128
9462575	9462670
9464884	9465034
9472507	9472620
9473873	9473929
9474492	9474578
9475827	9475965
9476370	9476582
9476931	9477007
9477730	9477853
9478523	9478626
9478878	9478946
9479714	9479898
9480134	9480259
9480418	9480642
9481062	9481188
9482060	9482152
9482492	9482599
9482904	9482999
9485683	9485775
9490922	9490946
9499859	9500681
9508476	9508699
9508854	9509054
9509526	9509714
9512320	9512484
9512683	9512858
9513746	9514101
9514381	9514512
9515051	9515180
9515693	9515828
9516304	9516525
9516816	9519204
9519435	9519559
9519770	9519898
9520200	9520350
9521130	9521253
9522639	9522891
9523325	9523486
9524445	9524593
9524872	9524980
9525890	9526113
9527255	9527477
9529355	9529647
9529994	9530134
9530419	9530505
9530716	9530890
9531543	9531630
9532300	9532525
9532629	9532748
9532946	9533293
9534750	9534948
9535062	9535137
9535383	9535500
9535619	9535668
9536491	9536664
9537559	9537796
9538671	9538755
9540460	9540646
9541178	9541273
9541558	9541653
9542019	9542049
9542405	9542554
9543050	9543334
9543511	9543728
9544934	9545259
9545282	9545352
9545408	9545569
9545598	9545726
9555527	9555668
9557715	9557830
9557927	9558064
9558951	9559039
9559833	9560065
9561538	9561632
9561745	9562008
9562639	9562872
9562954	9563136
9563250	9563399
9563506	9564004
9602317	9602362
9606897	9606935
9608403	9608511
9616077	9616210
9620185	9620269
9621560	9621643
9624580	9624782
9624949	9625033
9627017	9627175
9630933	9631143
9632572	9632675
9633566	9633680
9634078	9634256
9634698	9634835
9635188	9635308
9636579	9636780
9638322	9638397
9638654	9638753
9664595	9664765
9664913	9665009
9665094	9665227
9665350	9665415
9665836	9665977
9666055	9666215
9666365	9666537
9666724	9666834
9667027	9667088
9667172	9667231
9668487	9668711
9669245	9670409
9672967	9673105
9673489	9673636
9673771	9673876
9674274	9674447
9675425	9675490
9675521	9675565
9676394	9676474
9677058	9677158
9678041	9678176
9693380	9693682
9694378	9694677
9694792	9695061
9695427	9695687
9696632	9696907
9698748	9699029
9699465	9699546
9703901	9703971
9704616	9704672
9705923	9705990
9741767	9742123
9744443	9744499
9755356	9757010
9763664	9763864
9765497	9765824
9766943	9767190
9768512	9768661
9770022	9770121
9773711	9773843
9777486	9777602
9779849	9780058
9780582	9780702
9781501	9783510
9787347	9787481
9795707	9795818
9804306	9804339
9805291	9805363
9806027	9806099
9807208	9807330
9807939	9808040
9808462	9808723
9809328	9809406
9810080	9810281
9811100	9811218
9811549	9811740
9812321	9812576
9813251	9813341
9813643	9813832
9814328	9814427
9814856	9815055
9815290	9815437
9815887	9816014
9816573	9816696
9816929	9816996
9817202	9817402
9817514	9817600
9817787	9817947
9818082	9818231
9818991	9819120
9854599	9854621
9855061	9855186
9855618	9855748
9855950	9856014
9856692	9856811
9857484	9857548
9857666	9857802
9858342	9858445
9859060	9859256
9861343	9861380
9863089	9863323
9872334	9872580
9877372	9877378
9878085	9878304
9880357	9880510
9882242	9882304
9988127	9988380
9989123	9989186
9990024	9990231
9992014	9992101
9992562	9992739
9993806	9994028
9995186	9995312
9998276	9998371
9999247	9999322
9999324	9999485
10000127	10000212
10005169	10005361
10040217	10040254
10040341	10040425
10041084	10041125
10041209	10041301
10041442	10041489
10042285	10042348
10042775	10042893
10043382	10043459
10043883	10043964
10044956	10045037
10045656	10045837
10046494	10046573
10047322	10047399
10047550	10047723
10048513	10048593
10049307	10049416
10049502	10049568
10049851	10049923
10050484	10050777
10053791	10054028
10055971	10056140
10312336	10312592
10321478	10321565
10322143	10322208
10382814	10383983
10384196	10384282
10384822	10384869
10385507	10385582
10386315	10386403
10386914	10387003
10393167	10393262
10393696	10393929
10394367	10394523
10395011	10395088
10395454	10395522
10396169	10396195
10396520	10396612
10397246	10398609
10398684	10398854
10398875	10399035
10399059	10400831
10428360	10428460
10431650	10431751
10441655	10441705
10457209	10457229
10694935	10694958
10695032	10695106
10695210	10695360
10703076	10703288
10708823	10709279
10714500	10714560
10782248	10782430
10790935	10790990
10799320	10799401
10805637	10805797
10806916	10806990
10807387	10807488
10807869	10807938
10808714	10808903
10816325	10816500
10941887	10942008
10944980	10945099
10947238	10947262
10969481	10969713
11745080	11745167
11768105	11768241
11773241	11773426
11777463	11777560
11780448	11780533
11781452	11781495
11787636	11787839
11804913	11805008
11806607	11806679
11811963	11812117
11814346	11814520
11815400	11815422
