20506	20630
20712	20925
21441	21587
21720	21804
22254	22442
23054	23141
23502	23657
24846	24887
26930	27277
27357	27758
69831	69941
73063	73122
73610	74686
144972	145034
145186	145250
145390	145495
145855	145885
146259	146339
146633	146775
204488	204624
204874	204948
205028	205121
205451	205579
205965	206083
206166	206232
206480	206540
206815	206900
207221	207660
386901	387106
389098	389209
389733	389841
390063	390116
391007	391425
876090	876128
876149	876236
876716	876805
877680	877796
878024	878146
878704	881949
929449	929549
929852	929963
930279	930522
930933	931085
931719	931847
932168	932245
935988	936416
937731	937811
941007	941173
942486	942626
944702	944914
945262	945396
945513	945729
946353	946430
946669	946800
947439	947561
948161	948304
948471	948554
948896	948964
949196	949374
949837	949963
950327	950636
951450	951557
952111	952225
952688	953032
953435	953501
953756	953995
956255	956323
956347	957434
957523	958233
958316	958548
959178	959229
960710	961176
961199	961691
1108174	1108488
1108494	1108609
1108705	1108883
1109118	1109284
1109588	1109738
1109754	1110019
1110141	1111073
1177629	1177677
1178708	1178728
1178991	1179005
1179120	1179335
1179542	1179746
1180959	1181004
1186139	1186258
1186776	1186877
1187136	1187249
1187316	1187475
1187642	1187791
1188188	1188379
1188568	1188719
1188893	1189075
1189273	1189514
1190273	1190344
1190931	1191100
1191621	1191751
1191995	1192126
1192326	1192528
1192944	1193064
1244308	1244611
1247254	1247465
1247875	1248071
1248797	1248987
1250025	1250111
1250735	1251074
1252062	1252218
1252258	1252468
1557501	1557799
1557916	1558099
1600888	1601198
1601244	1601332
1602049	1602637
1603518	1603591
1604759	1604896
1605645	1605790
1605915	1606124
1676379	1676758
1677716	1677838
1679289	1679637
1681946	1682105
1684554	1684710
1684990	1685193
1685810	1685968
1686270	1687645
1689456	1689593
1689827	1689961
1690261	1690331
1691195	1691283
1691650	1691738
1692625	1692730
1696241	1696363
1697801	1697955
1699591	1699696
1700817	1700964
1704121	1704226
1704992	1704997
1705661	1705791
1710163	1710283
1782709	1782777
1783076	1783269
1784059	1784185
1786823	1787788
1866659	1866784
1867605	1867940
1869339	1869647
1872616	1872868
1873955	1874068
1876811	1876862
1877752	1877918
1878473	1878589
1881649	1881813
1882013	1882835
1924090	1924137
1924158	1924397
1926622	1926739
1926813	1926945
1927165	1927215
1927343	1927488
1927727	1927850
1928023	1928137
1928290	1928606
1928732	1928900
1929404	1929504
1930387	1930617
1930662	1930780
1930861	1931442
1931463	1931776
1931797	1932178
1932227	1932666
1932704	1933193
1933229	1933363
1933398	1934125
1934150	1935305
1937486	1937640
1937686	1937783
1937964	1938580
1939551	1940965
1941756	1941842
1941926	1942177
1942286	1942806
1942841	1942924
1952738	1952816
1957445	1957715
1963641	1963685
1967959	1968105
1969326	1969482
1970943	1971023
1971837	1971901
1971914	1972051
1972461	1972548
1972946	1973077
1973510	1973713
1975584	1975715
1979005	1979099
1979520	1979675
1980204	1980307
1980948	1981130
1983629	1983909
2010082	2010182
2011847	2012522
2531748	2531969
2532936	2533415
2539832	2540038
2541262	2541446
2543866	2544002
2545392	2545444
2592143	2592230
2594848	2595035
2601691	2601718
2602005	2602103
2603749	2603798
2607382	2607459
2607680	2607799
2609012	2609146
2610453	2610524
2612933	2613043
2613814	2613912
2614559	2614601
2614723	2614828
2615831	2615968
2617088	2617120
2618105	2618219
2618905	2619010
2619817	2620029
2620416	2620545
2620848	2620883
2621473	2621627
2622906	2623052
2623771	2623856
2624630	2624759
2627628	2627728
2628634	2628711
2629870	2629945
2630340	2630507
2631001	2631088
2631806	2631895
2632026	2632102
2632477	2632686
2637366	2637456
2638997	2639378
2897733	2897882
2900129	2900268
2902204	2902385
2903348	2903604
2905175	2905301
2905794	2905910
2909832	2910147
2916079	2916116
2917904	2917968
2920195	2920328
2921936	2922223
2926094	2926231
2926823	2926988
2928747	2929159
2929794	2930364
2931080	2931672
2932064	2932637
2933291	2933901
2934219	2934780
2935481	2935680
2936440	2936823
2937795	2938081
2938179	2938459
2938583	2938693
2939048	2939250
2939551	2939714
2939835	2940083
2940527	2940689
2941381	2941468
2941587	2941663
2942877	2943022
2943027	2943135
2943168	2943464
2943534	2943662
2946653	2946786
2948670	2948748
2949833	2950297
2970235	2970324
2970660	2970785
2971076	2971237
2972452	2972519
2973238	2973817
2975114	2975179
2975245	2975346
2976054	2976223
2976927	2977119
2977338	2977455
2977940	2978013
2978473	2978751
2979586	2979674
2979784	2979962
2981178	2981364
2982364	2982492
2982719	2982854
2985027	2985093
2985272	2985444
2985618	2985749
2985879	2985974
2987042	2987233
2987920	2988124
2989566	2989679
2990671	2990793
2991181	2991300
2995458	2995565
2995765	2995838
2996133	2996244
2996657	2996956
2997804	2997938
2998213	2998359
2999114	2999215
3000311	3000513
3001596	3001631
3001855	3002057
3002551	3002720
3004043	3004155
3004509	3004613
3005625	3005697
3006798	3006880
3007130	3007226
3007796	3007980
3011570	3011744
3012139	3012245
3012276	3012326
3013090	3013282
3014331	3014543
3015551	3015618
3356264	3356372
3359200	3359299
3363845	3363901
3371921	3372094
3373321	3373450
3378292	3378404
3379904	3380079
3380945	3381156
3382757	3382924
3384862	3384977
3385560	3385634
3386809	3386958
3387411	3387539
3391388	3391487
3392032	3392202
3392776	3392811
3395518	3395600
3396424	3396498
3396974	3397129
3399202	3400737
3785885	3785953
3786533	3786627
3786763	3786860
3789361	3789545
3790166	3790248
3792426	3792533
3793766	3793911
3795846	3796047
3796812	3796957
3797867	3797941
3798403	3798917
3802037	3802203
3803089	3804388
3913172	3914287
4120138	4120257
4120767	4120967
4124720	4124797
4126797	4127041
4903335	4903470
4907213	4907290
4909242	4909494
4910291	4910518
4911684	4911812
4912616	4912901
4913370	4913422
4913525	4913713
4922595	4922633
4922710	4923014
4924433	4924997
4928417	4928703
4929839	4929899
4930911	4930977
4931377	4931501
4931735	4931854
4931934	4932045
4932809	4932920
4933007	4933081
4933199	4933921
4935688	4935775
4935873	4935933
4936536	4936657
4936811	4936956
4937197	4937287
4938185	4938291
4938672	4938836
4939387	4939567
4940043	4940198
4940323	4940414
4941038	4941232
4941311	4941397
4941952	4942068
4942150	4942251
4944744	4944808
4945390	4945459
4946095	4946283
4947701	4948021
4948093	4948201
4948401	4948578
4951064	4951147
4951233	4951334
4951486	4951578
4984583	4984654
4984714	4984803
4986878	4986923
4988951	4989223
4990708	4990854
4991181	4991324
4992066	4992341
4993168	4993437
4994294	4994632
4999153	4999521
5004999	5005052
5006346	5006552
5007187	5007266
5009102	5009207
5012333	5012455
5013878	5014105
5015135	5015409
5017717	5017796
5022681	5022898
5023860	5024824
5025588	5025721
5042271	5042703
5043804	5044354
5044675	5044861
5047135	5047252
5047460	5047661
5047866	5047959
5048048	5048198
5048454	5048551
5048690	5049159
5049264	5050407
5051067	5051209
5051310	5051524
5051649	5052313
5053137	5053370
5060481	5060529
5060636	5060901
5065945	5065968
5066436	5066642
5148582	5148731
5149521	5149682
5150417	5150503
5153629	5153790
5154865	5154975
5156867	5156970
5158800	5159024
5159041	5159189
5159871	5159977
5163310	5163392
5163969	5164137
5164250	5164337
5164696	5165102
5166232	5166308
5166403	5166569
5166944	5166981
5167203	5167382
5167496	5167586
5167664	5167717
5168259	5168344
5169138	5169186
5169476	5169549
5170024	5170102
5170179	5170276
5171662	5172616
5173048	5173283
5266270	5266353
5274262	5274296
5279023	5279194
5282406	5282594
5289433	5289565
5289639	5289736
5291728	5291847
5293546	5293622
5295086	5295264
5296039	5297631
5332832	5333086
5334480	5334687
5335166	5335276
5335349	5335448
5335592	5335659
5335812	5335882
5336609	5336691
5336931	5337042
5337282	5337422
5337624	5337724
5338475	5339009
5461764	5461968
5462860	5463152
5463425	5463778
5466183	5466340
5466638	5466761
5466807	5466982
5468237	5468686
5468952	5469081
6713363	6713429
6714023	6714088
6715215	6715328
6716132	6716284
6717526	6717722
6717991	6718090
6718407	6718536
6719840	6719894
6720865	6720908
6722402	6722499
6722667	6722757
6722812	6722872
6771513	6771706
6773344	6773430
6775551	6775726
6776348	6776490
6789624	6789744
6790117	6790286
6790951	6791060
6791395	6791471
6791727	6791864
6792503	6792638
6792740	6792837
6796627	6796729
6797723	6798504
6800758	6800861
6806233	6806430
6808294	6808434
6810257	6810347
6810825	6810917
6813686	6813767
6817666	6817730
6821016	6821100
6821714	6821851
6822480	6822560
6823067	6823173
6823514	6823660
6825835	6825906
6829613	6829758
6831492	6831534
6832486	6832602
6833050	6833136
7197524	7197701
7198408	7198632
7200347	7200471
7201951	7202086
7202441	7202653
7203203	7203420
7206418	7206862
7207082	7207214
7207676	7207828
7209231	7209357
7209842	7210053
7211080	7211242
7211367	7211486
7211525	7211595
7211853	7211947
7211950	7212019
7212198	7212358
7213127	7213265
7214163	7214332
7214421	7214499
7215044	7215087
7217141	7217239
7229294	7229356
7300435	7300615
7302542	7302767
7304572	7304681
7305158	7305333
7306370	7306466
7306885	7308520
7308544	7309129
