36750	39454
56390	56519
57120	57221
59160	59218
59329	59359
65863	66012
70537	70692
73032	73119
75723	75773
77297	77355
81494	81565
83065	83133
87568	87651
89181	89260
92768	92867
94963	95100
96185	96287
98259	98389
100066	100194
101881	102029
104324	104345
106970	107251
110620	110720
112196	112292
114060	114104
122690	122792
123839	124018
125728	125875
126458	126523
127545	127638
128047	128180
130782	130959
131241	131362
131884	132070
132330	132438
134817	134954
136441	136546
138655	138803
145543	145565
147036	147119
148229	148316
148535	148718
254036	254131
254228	255162
261595	261730
264039	268182
303178	303201
303216	303353
306271	306402
308109	308209
308865	308994
309498	309672
311139	311247
312119	312221
314114	314218
316026	316115
316945	317038
319370	319533
320320	320444
320575	320674
323689	323828
324144	324311
326199	326289
326415	326690
327599	327748
330555	330669
331652	331759
332411	332523
333694	333801
334341	334471
334791	334989
340588	340734
341462	341618
341823	341926
342889	342952
343786	343820
344894	344998
345748	345911
347322	347469
349617	349750
350560	350634
351256	353795
397061	397727
398078	398152
398436	398570
398802	398951
399605	399708
399842	399916
401424	401529
401725	401906
402456	402628
418312	418498
418923	419074
419626	419759
420572	420705
421191	421311
422095	422241
422565	422671
423676	423820
425975	426017
426503	426675
511173	511355
512739	512867
517719	517940
518361	518462
518686	518883
520137	520225
522772	522874
524831	524891
525237	525314
526302	526436
527724	527829
529651	529744
531125	531137
531755	531935
532512	532661
533110	533434
534490	534630
534931	535035
557249	557636
558855	558954
561165	561349
562461	562537
563220	563280
565538	565672
568769	568914
1495565	1496418
1496439	1496583
1496704	1497000
1499167	1499241
1506863	1506945
1509586	1509708
1510209	1510323
1511169	1511282
1515244	1515303
1516704	1516811
1800123	1800235
1800732	1800934
1801782	1801931
1803262	1803421
1804724	1804786
1805201	1805285
1805437	1805552
1808145	1808209
1809409	1809538
1825419	1825547
1826592	1826737
1827041	1827179
1827940	1828072
1828148	1828338
1829298	1829443
1830463	1830601
1831881	1831977
1836749	1836830
1838695	1838951
3114865	3114937
3133150	3133252
3134202	3134386
3142312	3142448
3144437	3144566
3145706	3145819
3148522	3148582
3154011	3154138
3159238	3159345
3160430	3160684
3161159	3161308
3165180	3165295
3165932	3166118
3170387	3170499
3171997	3172169
3173348	3173435
3470933	3471020
3478342	3478440
3478989	3479051
3480019	3480120
3481181	3481297
3482186	3484593
3596790	3596945
3597432	3597496
3597946	3598068
3598840	3598988
3599692	3599749
3606281	3606435
3607700	3607753
3609493	3609616
3612280	3612400
3621947	3622040
3718357	3718449
3718775	3718836
3720479	3720655
3720770	3720868
3724764	3725013
3895320	3895402
3897313	3897367
3898366	3898426
3899677	3899743
3900774	3900929
3901422	3902568
3902589	3902885
4255834	4255922
4260099	4260203
4269821	4269908
4275711	4275794
4284301	4284502
4284597	4284673
4285317	4285418
4290109	4290230
4292303	4292372
4294276	4294314
4295984	4296150
4302209	4302845
4302874	4305018
4305059	4307192
4561486	4561552
4565172	4565393
4568907	4571499
4571550	4573186
4650484	4650983
4653234	4653786
4655250	4655483
4656138	4656390
4657591	4658930
4916899	4916994
4917619	4917695
4918088	4918226
4918714	4918855
4918984	4919117
4919209	4919328
4920562	4920790
4923422	4923478
4924933	4925080
4926493	4926618
4927671	4928497
4929030	4929162
4930666	4932370
4941471	4941767
4943590	4944975
4962292	4962329
4964415	4964535
4965471	4965551
4967087	4967169
4967729	4967809
4968401	4968444
4968733	4968797
4969609	4969764
4969883	4969985
4970448	4970561
4971366	4971419
4971844	4971880
4971960	4972041
4972543	4972643
4972796	4972859
4972966	4973020
4973472	4974246
4977419	4978651
4979509	4979612
4980472	4980598
4981479	4981584
4982223	4982365
4983026	4983192
4983343	4983499
4983940	4984032
4984654	4984810
4985908	4986100
4986360	4986429
4986515	4986607
4987551	4987661
4988029	4988175
4988485	4988610
4989487	4990226
4990251	4990842
4990863	4992462
4995119	4995352
4995704	4995804
4996366	4996474
4996561	4996655
4997786	4997890
4999049	4999155
4999695	4999798
5002268	5002360
5003021	5003092
5003735	5003821
5004882	5004950
5005807	5005868
5006865	5006984
5007941	5008043
5008408	5008533
5009728	5009766
5479073	5479150
5491895	5492038
5495492	5495633
5508379	5508461
5510650	5510656
5522185	5522284
5522417	5522507
5528444	5528596
5529557	5529646
5532048	5532144
5535471	5535632
5537026	5537168
5548567	5548601
5551335	5551344
5886682	5886818
5887853	5887996
5890237	5890380
5891671	5891814
5896113	5896256
5900269	5900350
5905231	5905319
5906591	5906662
5908683	5908885
5910763	5911083
5914592	5914981
5916222	5916344
5916933	5917206
5917392	5917705
5917914	5918146
6393082	6393177
6394204	6394310
6395389	6395708
6401430	6401507
6404148	6404239
6405086	6405358
6409899	6410053
6412555	6412582
6413168	6413471
6417835	6417925
6417996	6418104
6419011	6419238
6420400	6420538
6422515	6422603
6422695	6422881
6424192	6424892
6652477	6652510
6660022	6660308
6661281	6661364
6661467	6661588
6661945	6661985
6662098	6662203
6664057	6664203
6665055	6665196
6665412	6665516
6669988	6670133
6675758	6675939
6676038	6676174
6677223	6677340
6677632	6677700
6680199	6680365
6680474	6680603
6681117	6681243
6682843	6683053
6683752	6683916
6685024	6685188
6686022	6686177
6687964	6688068
6688214	6688426
6688499	6688843
6689497	6689658
6690235	6690411
6817462	6817659
6819274	6819381
6820089	6820292
6821924	6822110
6824732	6825594
6864756	6864959
6865474	6865619
6866587	6866806
6866909	6867017
6868008	6868176
6869352	6869429
6869575	6869656
6961770	6961875
6961905	6962022
6962847	6962974
6963327	6963413
6964392	6964449
6967445	6967511
6967636	6967705
6968926	6969817
8655183	8655627
8660717	8660806
8661276	8661369
8663293	8663365
8672613	8672727
8674550	8674706
8678264	8678422
8682063	8682199
8683326	8683500
8684029	8684172
8689154	8689485
8696605	8696796
8702923	8702984
8703135	8703240
8744556	8744724
8745687	8745810
8746053	8746111
8746467	8746517
8747460	8747544
8747686	8747812
8748002	8748091
8771747	8771891
8772189	8772363
8775439	8775595
8776007	8776114
8783269	8783556
8784722	8784884
8787455	8787606
8787864	8787971
8788651	8788770
8789246	8789361
8789759	8789931
8790998	8791160
8791788	8791978
8793133	8793294
8794266	8794371
8796271	8796488
8798206	8798335
8801391	8801546
8806982	8807030
8807722	8807870
8809400	8809507
8809579	8809641
8809725	8809883
8949093	8949266
8951394	8951430
8952219	8952484
8965058	8965125
8966801	8966864
8970426	8970573
8971072	8971193
8972097	8972206
8973039	8973156
8974647	8974697
8974798	8974819
8976278	8976429
8977492	8977635
8977990	8978058
8978986	8979069
8979539	8982645
8982666	8983276
8993520	8993768
8994791	8994887
8996873	8997035
8998642	8998827
8999226	8999316
8999762	8999885
9001181	9001410
9003288	9004315
9004587	9004682
9004878	9004998
9005412	9005876
9139093	9139174
9139718	9139882
9140084	9140308
9140556	9140657
9141469	9141665
9142185	9142921
9142967	9146597
9153681	9153840
9155186	9155343
9157142	9157190
9157846	9157933
9165172	9165275
9166032	9167329
9167423	9167497
9167839	9167983
9168034	9168492
9191798	9191864
9191941	9191985
9192061	9192157
9192276	9192353
9192422	9192506
9192576	9192702
9192785	9192924
9193006	9193212
9201099	9201175
9201345	9201450
9201604	9201745
9201897	9202000
9202102	9202211
9202345	9202530
9202607	9202799
9205413	9205580
9205675	9205836
9205860	9205972
9206061	9206173
9206275	9206353
9206451	9206538
9206620	9206895
9262760	9262859
9271780	9272016
9272204	9272220
9671490	9671570
9674739	9674874
9675645	9675790
9678597	9678683
9678950	9679025
9679771	9679856
9685002	9685149
9686861	9687030
9690717	9690842
9691478	9691630
9691852	9692038
9697651	9697796
9698422	9698502
9706825	9706891
9707686	9707831
9708117	9708261
9712525	9712664
9714797	9714973
9717715	9717868
9720766	9720886
9724341	9724577
9726209	9726355
9728824	9730904
9967504	9967703
9967896	9968032
9968306	9968429
9968933	9969017
9969498	9969655
9969855	9969975
9970157	9970246
9970662	9971579
9972050	9972210
9972455	9972536
9972964	9973098
9973589	9973758
9973954	9974047
9974262	9974351
9974900	9975633
9989889	9990026
9995598	9995680
10047383	10047395
10048949	10049076
10055198	10055328
10057864	10057957
10058418	10058468
10061250	10061378
10062050	10062111
10063030	10063096
10063681	10063824
10066432	10066520
10066992	10067054
10067233	10067412
10067907	10068004
10068253	10068325
10069403	10069524
10074027	10074097
10075008	10075106
10075529	10075628
10078819	10078900
10083811	10083910
10084539	10084783
10089430	10089493
10089541	10089693
10090582	10090660
10090786	10090916
10091509	10091679
10092223	10092908
10093609	10093693
10095475	10095647
10096415	10096516
10097352	10097438
10137741	10137819
10138520	10139461
10139903	10139929
10144872	10144912
10283275	10283400
10284219	10284290
10285053	10285197
10287183	10287329
10289925	10290069
10291549	10291628
10293341	10293475
10294256	10294404
10301919	10301972
11092550	11092558
11092784	11093051
11093659	11093997
11094940	11095159
11095409	11095616
11096300	11096434
11096615	11096806
11097922	11098015
11098527	11098777
11099032	11099158
11099397	11099509
11099647	11099889
11100654	11100776
11102346	11102501
11103373	11104439
11123351	11123432
11127170	11127463
11136905	11137791
11138787	11138861
11141739	11141895
11142767	11142828
11144467	11144646
11144986	11149331
11150504	11150618
11152334	11152396
11153485	11153540
11154568	11154712
11156650	11156809
11157697	11157742
11158747	11158863
11163331	11163446
11168703	11168801
11169367	11169534
11172359	11172559
11174310	11176119
11176162	11177802
11269577	11270646
11271573	11271843
11275031	11275181
11285666	11285863
11298242	11298411
11316226	11316291
11316948	11317013
11317102	11317180
11318011	11318142
11319452	11319561
11319763	11319916
11320724	11320884
11321515	11321712
11322026	11322217
11323818	11323894
11324654	11326988
11767174	11767221
11769795	11769877
11779400	11779526
11780295	11780513
11781000	11781128
11781249	11782596
12057127	12057331
12058775	12058863
12059496	12059588
12059839	12059951
12060472	12060584
12060903	12061060
12061878	12061974
12062193	12062712
12267334	12267379
12267515	12267526
12271229	12271309
12271659	12271764
12272861	12272940
12274393	12274455
12275099	12275154
12275515	12275637
12275814	12275909
12277918	12278012
12279713	12279778
12279869	12279933
12280562	12280651
12281347	12281400
12281479	12281588
12282132	12282234
12283672	12283750
12293987	12294067
12294557	12294666
12295808	12295879
12296393	12296518
12297408	12298682
12307856	12307930
12308842	12309005
12309219	12309309
12309584	12309607
12310527	12310710
12311973	12312051
12312537	12312695
12313374	12313569
12314005	12314193
12315006	12315156
12315266	12315357
12315613	12315791
12317041	12317176
12317938	12318063
12319725	12319847
12320680	12320873
12321710	12321926
12322447	12322632
12322993	12323193
12324253	12324447
12325333	12325454
12325577	12325859
12326452	12326571
12326961	12327117
12327334	12327506
12328806	12328958
12329361	12329600
12330042	12330287
12330578	12330697
12331404	12331513
12332139	12332322
12333065	12333205
12334109	12334192
12334276	12334464
12335102	12335221
12335990	12336178
12336833	12336984
12337680	12337818
12337903	12338012
12339072	12339327
12339517	12339816
12340526	12340704
12342265	12342457
12342597	12342758
12344068	12344268
12345056	12345189
12345412	12345574
12346023	12346103
12346939	12347076
12347500	12347631
12348052	12348141
12349113	12349253
12349387	12349628
12349968	12350115
12350993	12351134
12351569	12351760
12352657	12352849
12353677	12353869
12354299	12354471
12355000	12355140
12356274	12356432
12357437	12357581
12358408	12358558
12358804	12359057
12359601	12359741
12360540	12360677
12361930	12362103
12362492	12362677
12363210	12363313
12364405	12364609
12364791	12364928
12365366	12365457
12365692	12365759
12366609	12367013
12367043	12367187
12368355	12368796
12369328	12369383
12369719	12369850
12369947	12370105
12371814	12372059
12372724	12372895
12373805	12374348
12375114	12375267
12375362	12377633
12402376	12402423
12406397	12406634
12406748	12406947
12407255	12407356
12408266	12408360
12411419	12411437
12428572	12428625
12442575	12442632
12445853	12445978
12447804	12447922
12448583	12448703
12449706	12449750
12449845	12449996
12450378	12450443
12451304	12451358
12452282	12452392
12454015	12454199
12456424	12457360
12459691	12461618
12461640	12462975
12562152	12562271
12567529	12567699
12569444	12569506
12569797	12569893
12569995	12570071
12571094	12571351
12571517	12571687
12572667	12572853
12573808	12575976
12581689	12582145
12588285	12588430
12589595	12589687
12590514	12590586
12591605	12591696
12592041	12592199
12593187	12593314
12595179	12595282
12595392	12595495
12595777	12595792
12595926	12596000
12596377	12597018
12598040	12598476
12599352	12599490
12600436	12601211
12601894	12602016
12602575	12602734
12603320	12603428
12603579	12603757
12603843	12604001
12604624	12605761
13078415	13078550
13079700	13079965
13084702	13084994
13086542	13089387
13278505	13278582
13284829	13284860
13296099	13296213
13308775	13308811
13310577	13311173
13312036	13312162
13314710	13314791
13706685	13706773
13707552	13707632
13708216	13708308
13709420	13709700
13711143	13711337
13712180	13712290
13712545	13712649
13713306	13713479
13714001	13714094
13714883	13715015
13715350	13715503
13716041	13716136
13716700	13716840
13717263	13717527
13717831	13717994
13718639	13719334
13725396	13726195
13726604	13726755
13729525	13729654
13730382	13730516
13731647	13731702
13731745	13731789
13732574	13732676
13733249	13734961
13948913	13948930
13949131	13949171
13950951	13951078
13958705	13958771
13963141	13963279
13966603	13966722
13969958	13970713
13971368	13971433
13973465	13973683
13975135	13979078
13990745	13990863
13994506	13994623
13995959	13996072
13996717	13996814
13998474	13998665
13999476	13999594
14000474	14000667
14001210	14001374
14001988	14002144
14006584	14006714
14007740	14007823
14007996	14008089
14009653	14009775
14011358	14011652
14155215	14155506
14160855	14161073
14184240	14184537
14191344	14191645
14197415	14198038
14199752	14200589
14201282	14202345
14203197	14203371
14203823	14204917
14216825	14216927
14216967	14217075
14217217	14217360
14217441	14217650
14217737	14218726
14224799	14225031
14225201	14225495
14225608	14225750
14225831	14226069
14226155	14226290
14226373	14226975
14255801	14255858
14256000	14256076
14256170	14256285
14256722	14256795
14256877	14256969
14257052	14257133
14257697	14257779
14257936	14258053
14258087	14258201
14258438	14258611
14258745	14258824
14259357	14259457
14259552	14259676
14260011	14260190
14272459	14272504
14272874	14272916
14273097	14273238
14273416	14273576
14275985	14276113
14277266	14277302
14344466	14344482
14344641	14345068
14345090	14345594
14345793	14345918
14346323	14346514
14346899	14346998
14347218	14347444
14347584	14347730
14347880	14347957
14348198	14348375
14348591	14348737
14348852	14349190
14350538	14351767
14363099	14363405
14363695	14363930
14364193	14364375
14366152	14366298
14366901	14366965
14367519	14367623
14367731	14367825
14368010	14368086
14368316	14368405
14368602	14368640
14368768	14368841
14368921	14368970
14369136	14369280
14369363	14369431
14369522	14369601
14369879	14369939
14370077	14370342
14370390	14370650
14375212	14375263
14375525	14375715
14376695	14376757
14378236	14378355
14378936	14379026
14379109	14379225
14379465	14379607
14379686	14379800
14379913	14379982
14380158	14380302
14380561	14380792
14380906	14380997
14381261	14381300
14381378	14381698
14381991	14382130
14389263	14389290
14389389	14389443
14390063	14390195
14390575	14390694
14391154	14391215
14391285	14391427
14391952	14392030
14392676	14392799
14393116	14393233
14393532	14393719
14394054	14394187
14394789	14395261
14395382	14395539
14396239	14396331
14396854	14396926
14397202	14398645
14411053	14412333
14412475	14412911
14413559	14413778
14414185	14414436
14536423	14536469
14536694	14536791
14539655	14539721
14539911	14540010
14542648	14542764
14543497	14543652
14543776	14543845
14545543	14545685
14545863	14547748
14547809	14549315
14567258	14567354
14571209	14571387
14572781	14572876
14573614	14573718
14578544	14578669
14578763	14578913
14579312	14579433
14579993	14580154
14622758	14623063
14623995	14624120
14625703	14625727
14626767	14626938
14627847	14628026
14629139	14629246
14630508	14630644
14634875	14635008
14644157	14644252
14657051	14657188
14668904	14669002
14699245	14699390
14700789	14700962
14701761	14701931
14704276	14705437
14705463	14705894
14713183	14713270
14716441	14716869
14719363	14721753
15034542	15034625
15035354	15035536
15038796	15038844
15040459	15040622
15041949	15042044
15042683	15042778
15043094	15043249
15044522	15044590
15045036	15045221
15045424	15045552
15045975	15046088
15046930	15047038
15049639	15049711
15050588	15050638
15051125	15052432
15052828	15053002
15054163	15054316
15054857	15054985
15055345	15055506
15055988	15056612
15057431	15057575
15064305	15064385
15065474	15065609
15071003	15071139
15072884	15072999
15074079	15074164
15075178	15075247
15076052	15076147
15076585	15076701
15077441	15077637
15077820	15077953
15079613	15079740
15079954	15080045
15080940	15081062
15082545	15082691
15083278	15083340
15083934	15084047
15084442	15084495
15085301	15085381
15085654	15085812
15086699	15086761
15088088	15088189
15089093	15089179
15089493	15089604
15090104	15090287
15090466	15090559
15091443	15091601
15092457	15092552
15092911	15093006
15093595	15093642
15094515	15094645
15095025	15095133
15095359	15095436
15095798	15095899
15096383	15096490
15096947	15097078
15097257	15097385
15098055	15098111
15098905	15099000
15100054	15100249
15100728	15100823
15101784	15101829
15102483	15102562
15102649	15102774
15103253	15103326
15103671	15103745
15104327	15104446
15105363	15105410
15105533	15105616
15106221	15106367
15106482	15106616
15107192	15107251
15107352	15107528
15107998	15108084
15108548	15108694
15108863	15108928
15109417	15109645
15110274	15110423
15110961	15111065
15111505	15111612
15111770	15111963
15112568	15112712
15113118	15113251
15113580	15113745
15113944	15114050
15114266	15114385
15114764	15114916
15115037	15115156
15115345	15115476
15144665	15144909
15145947	15146283
15207330	15207466
15207562	15207699
15208303	15208416
15208580	15208663
15208904	15209036
15209493	15209596
15209861	15209993
15210454	15210541
15210879	15211062
15212007	15212097
15213444	15213670
15213865	15213946
15214036	15214387
15223563	15223622
15223937	15224023
15224979	15225101
15239572	15239689
15240197	15240255
15244207	15244230
15245363	15245529
15246537	15246641
15247065	15247227
15247885	15247995
15248453	15248536
15248994	15249110
15249860	15250028
15250347	15250472
15250714	15250895
15251887	15252072
15252378	15252517
15252914	15253068
15256514	15256564
15256938	15257051
15257632	15257836
15258933	15259105
15259588	15259699
15259797	15260236
15700405	15700548
15704401	15704600
15705850	15705910
15714192	15714348
15714977	15715008
15715683	15715768
15716049	15716178
15716774	15716874
15718043	15718139
15718453	15718580
15719235	15719408
15719921	15720012
15721403	15721465
15722622	15722760
15723600	15723788
15723980	15724108
15725312	15725839
16194272	16194406
16194966	16195082
16195513	16195560
16197338	16197428
16200392	16200477
16217810	16218075
16218424	16218502
16218541	16218626
16219513	16219720
16231183	16231332
16233366	16233430
16235240	16235289
16236532	16236637
16237350	16237445
16239172	16239285
16240745	16240979
16242124	16242171
16339914	16340205
16341026	16341090
16343166	16343245
16344687	16344810
16346271	16346346
16346500	16346624
16348458	16348543
16351171	16351251
16352596	16352751
16462217	16462365
16470133	16470217
16477667	16477708
16479962	16480116
16495087	16495168
16499553	16499613
16501560	16501707
16506243	16506331
16508386	16508511
16517659	16517783
16521832	16521994
16522461	16522567
16523261	16523432
16523891	16523988
16525619	16525702
16526004	16526104
16527363	16527444
16531443	16531613
16535490	16535682
16536597	16536724
16537674	16537820
16539828	16539926
16542005	16542099
16543566	16543641
16544531	16544631
16544909	16544967
16546362	16546510
16548710	16548795
16550706	16550801
16552484	16552544
16553010	16553103
16553788	16553936
16558509	16558595
16560168	16560272
16564019	16564160
16564834	16565000
16565538	16565624
16566083	16566262
16567235	16567318
16568610	16568726
16569139	16569260
16570731	16570866
16571400	16571481
16576907	16577025
16577931	16578018
16581268	16581390
16581968	16582050
16582532	16587027
16593269	16593394
16594155	16594296
16595216	16595397
16715005	16715276
16716651	16716707
16718377	16718492
16719224	16719456
16719940	16720122
16720398	16720531
16721218	16721414
16721913	16722255
16723522	16723699
16724185	16724436
16724998	16725116
16725424	16725539
16726541	16726640
16726985	16727190
16728426	16728601
16729329	16729525
16729638	16729834
16730305	16730394
16730948	16731040
16731257	16732221
16735504	16735524
16825228	16825502
16825731	16826198
16826389	16827154
16827250	16827397
16827854	16828627
16853276	16854357
16855581	16855664
16859550	16859589
16862114	16862241
16864773	16864867
16865464	16865577
16866485	16866572
16868085	16868174
16868383	16868471
16869184	16869339
16869540	16869588
16870111	16870236
16870766	16870816
16871777	16873030
16947791	16947991
16948041	16948499
16949521	16956285
16956651	16956692
16957787	16958579
16958842	16959461
16965731	16965932
16966031	16966157
16966226	16966319
16966414	16966489
16966564	16966937
16967026	16967117
16967229	16967269
16967347	16967468
16967630	16967690
16967759	16967856
16967930	16967981
16968065	16968153
16968219	16968357
16968434	16968517
16968591	16968671
16968766	16968854
16968957	16969147
16969225	16969327
16970904	16970979
16971109	16971251
16971453	16971590
16971664	16971755
16971847	16971887
16971953	16972306
16972417	16972802
16972998	16973499
16973543	16973697
16973730	16973944
16974018	16974120
16974194	16974300
16974382	16974520
17031939	17032112
17032394	17032507
17032871	17032942
17034398	17034502
17036714	17036948
17037055	17037233
17039514	17039648
17039692	17039822
17040014	17040104
17040215	17040356
17040402	17040559
17042203	17042337
17042565	17042629
17042787	17042961
17043012	17043192
17043321	17043714
17043774	17044014
17044027	17044143
17044218	17044515
17045764	17045968
17045980	17046435
17046522	17046689
17046721	17046847
17086547	17086751
17088940	17089150
17089736	17089920
17091201	17091376
17092217	17092384
17153394	17153470
17154617	17154667
17161975	17162112
17167734	17167849
17168153	17168368
17170506	17173522
17213663	17213677
17223816	17223941
17227511	17227606
17228349	17228415
17229639	17230026
17230383	17230443
17233385	17233654
17234942	17235030
17236106	17236208
17236673	17236752
17237737	17239148
17239169	17240864
17258060	17258314
17259040	17259106
17262459	17262719
17267126	17267314
17268553	17269032
17269347	17269462
17270129	17270264
17271029	17271186
17271498	17271637
17272743	17273069
17273731	17274129
17286875	17287197
17292387	17292657
17294110	17294222
17296546	17296759
17297133	17297243
17300135	17300228
17300876	17301014
17301597	17302351
17302372	17302832
17318744	17319674
17320213	17320532
17330757	17330889
17330900	17331009
17335518	17335602
17337557	17337715
17338190	17338392
17338971	17339066
17339377	17341904
17355407	17355618
17355759	17355821
17356597	17356675
17356971	17357118
17358283	17360139
17360412	17360528
17360859	17360978
17361307	17361391
17361722	17361866
17362371	17362452
17437712	17437857
17440122	17440248
17444905	17444978
17450809	17450895
17451615	17451698
17455053	17455200
17458120	17458240
17461911	17462002
17462723	17462800
17463191	17463312
17465891	17465993
17466124	17466207
17470113	17470273
17471761	17471860
17472140	17472235
17473036	17473212
17476698	17476809
17477754	17477879
17482692	17482835
17483717	17483869
17487812	17487894
17839580	17839718
17841780	17841994
17864918	17865163
17866183	17866353
17868570	17868650
17872297	17872428
17873417	17873504
17879857	17879963
17889015	17889228
17892077	17892363
17893838	17893945
17897632	17897814
17904699	17905013
17915765	17916013
17983622	17983841
17987570	17987704
17987882	17988022
17989431	17989519
18137834	18137870
18141294	18141382
18145252	18145333
18147728	18147839
18150024	18150153
18154539	18154725
18155520	18155720
18157712	18157828
18158443	18158544
18159897	18160037
18165303	18165437
18166517	18166654
18166936	18167079
18171137	18171265
18171833	18171958
18172936	18173046
18174040	18174168
18176358	18176481
18178585	18178942
18372248	18372392
18372430	18372715
18372846	18372927
19032161	19032243
19037674	19037759
19045341	19045360
19047278	19047439
19047767	19047938
19048670	19048801
19049665	19049761
19051236	19051386
19051714	19051846
19052587	19052745
19053196	19053264
19053558	19053664
19054668	19054808
19055988	19056125
19059270	19059425
19060714	19060912
19061494	19061639
19062541	19062762
19063982	19064155
19065120	19065312
19065582	19065688
19067853	19067957
19070860	19070988
19071648	19071775
19072329	19072464
19072774	19072836
19073759	19073938
19075279	19075359
19075584	19075715
19075915	19076073
19076591	19076682
19077344	19077497
19080217	19080392
19081333	19081550
19082023	19082159
19082873	19082996
19083891	19084037
19085799	19086049
19086706	19086925
19087060	19087155
19087270	19087368
19087597	19087775
19087799	19088011
19397076	19397411
19397981	19399243
19449629	19449697
19450069	19450162
19451512	19451613
19451788	19451894
19452623	19452723
19453396	19453474
19454395	19454569
19455164	19455237
19456455	19456530
19457219	19457289
19457618	19457737
19458352	19458484
19459242	19459252
19459263	19459321
19459831	19459957
19460660	19460737
19461244	19461372
19526241	19526430
19527741	19529235
19539907	19539969
19546832	19547009
19548499	19548725
19551517	19551534
19554576	19554611
19680814	19680869
19694843	19695058
19696115	19696227
19697186	19697288
19698990	19699072
19699970	19700068
19701490	19701643
19705543	19705570
19705662	19705786
19736820	19737037
19738907	19739152
19748128	19748191
19749668	19749715
20008819	20008945
20015268	20015365
20022875	20022989
20023628	20023752
20026607	20026831
20115590	20115763
20117213	20117305
20120239	20120389
20122494	20122606
20125752	20125917
20129117	20129179
20134609	20134734
20138175	20138251
