5673	6181
7034	7077
8694	8780
9547	9691
11923	12221
13418	13517
14903	15046
16299	16404
18470	18616
19711	19765
27008	27114
28588	28767
29422	29539
30710	31162
32189	32244
33827	33910
36101	36272
37356	37483
40296	40490
41135	41206
42498	42562
44048	44181
44255	44268
46179	46260
46877	46953
47153	47194
54567	54848
125980	126878
127996	128127
128603	130589
130788	130849
131247	131850
132070	132470
132553	132718
133883	133990
140828	141290
150155	150265
150381	150461
150689	150793
151002	151134
151321	151427
151850	151975
152124	152226
153705	153867
153964	154072
154241	154380
154516	154597
155090	155181
155445	155544
155792	156032
156253	156351
156462	156561
156979	157086
157538	157634
157713	157820
157963	158076
158209	158343
158429	158679
158716	159007
159099	159215
159295	159397
159915	160042
160459	160905
180505	180939
185486	185595
186020	186145
187113	187219
187604	187785
187929	189166
189203	189525
355730	355789
355920	356015
359644	359751
361925	362073
362532	362659
363640	363748
366810	366949
371582	371789
371971	372373
438216	438352
438433	438669
439367	439439
439729	439842
441687	441777
442196	442343
446733	446947
446977	447056
447887	447925
448360	448671
448933	449053
449142	449303
450189	450290
450698	450812
452588	452704
452836	453026
453511	453574
455624	455752
456455	456522
456656	456791
458001	458111
458400	458565
458741	458994
463013	463270
463491	463643
463714	463867
463945	464093
464920	465279
477908	478026
480707	480771
480884	481026
481129	481284
482139	482258
482358	482452
482552	482675
483278	483632
483783	484201
484590	484777
484845	484944
485288	485696
485720	486134
503251	503393
505834	505924
506175	508733
509033	509207
509672	509752
509896	510342
512315	512544
512644	512850
512929	513095
513220	513365
514219	514296
517673	517826
518875	519797
537360	537480
538290	538385
538782	538906
540006	540141
540507	540587
541161	541583
543959	544999
555826	555961
557351	557482
559039	559194
559895	560101
562506	562718
564186	564292
566394	566503
566878	566884
566892	567059
567595	567702
569525	569633
569887	569972
571272	571400
582718	582801
582815	582971
584677	584739
586493	586749
587284	587479
588003	588263
588816	588964
589307	589477
589915	590016
594702	594860
595343	595423
595725	595787
596799	597295
620383	620534
621582	621681
623016	623200
623667	623789
624220	624426
624706	624765
625998	626540
627138	627324
628458	628856
630349	630565
630910	632414
644893	645105
647141	647213
647303	647572
647742	647812
820614	820726
821125	821329
821683	821832
824026	824100
824143	824238
824904	825053
833994	834139
835707	835764
836206	836343
916739	916870
918779	918952
919603	919731
920400	920537
920917	921660
929947	930382
931270	931383
932442	934127
934669	934768
935369	935517
935685	935797
936306	936395
937410	937532
938062	939758
963863	963936
966258	966445
968143	968193
968621	968826
969614	971840
1020579	1020991
1022179	1022269
1032031	1032235
1034402	1034524
1038382	1038475
1042270	1042447
1239040	1239202
1241437	1241594
1243108	1243236
1245276	1245410
1247788	1247920
1249297	1249406
1251065	1251190
1252806	1252855
1253430	1253630
1254019	1254147
1255469	1255595
1258531	1258752
1331250	1333904
1340380	1340527
1343680	1343789
1687856	1688011
1688082	1688276
1691492	1691636
1694447	1694740
1696568	1696755
1698667	1698784
1698874	1698980
1700093	1700335
1701601	1702003
1703908	1704176
1707370	1707400
1707465	1707553
1708805	1708964
1709499	1709596
1710966	1711088
1711185	1711296
1712848	1712939
1716809	1716904
1717986	1718110
1718336	1718414
1720893	1720987
1721271	1721334
1722155	1722763
1730386	1730428
1730646	1730887
1788075	1788510
1798061	1798206
1810552	1811126
1816031	1816176
1818806	1819410
1833935	1833988
1840787	1840942
1843047	1843103
1843277	1843336
1844022	1846798
1846819	1847806
1851932	1851940
1852347	1852358
1855086	1855135
1855252	1855336
1856439	1856545
1857253	1857311
1858363	1858473
1861087	1861217
1861883	1862007
1862974	1863079
1864116	1864314
1865151	1865177
1865710	1865767
1866205	1866259
1967489	1967494
1977366	1977446
1984418	1984631
1985414	1985640
1986816	1986892
1988410	1988607
1991820	1991898
1996307	1998619
2097904	2097964
2098457	2098601
2102435	2102897
2103309	2103452
2104661	2104889
2106104	2106324
2400129	2400198
2401235	2401297
2402294	2402455
2402964	2403062
2403802	2403908
2605436	2605604
2606133	2606236
2609818	2616517
2706438	2706447
2706935	2707059
2707608	2707682
2714655	2714771
2717153	2717642
2718783	2719514
2720616	2720822
2721749	2721912
2722525	2722686
2723323	2723399
2723587	2723806
2724767	2725000
2725609	2725643
2726234	2726361
2726589	2726743
2727042	2727176
2729656	2729850
2732321	2732534
2733202	2733348
2733790	2733932
2734232	2734435
2734956	2735077
2737466	2737742
2746584	2746741
2749238	2749288
2750150	2750305
2750422	2750566
2752567	2752670
2753374	2753493
2754123	2754237
2754532	2754711
2755252	2755429
2755599	2755697
2757853	2758323
2786193	2786360
2787756	2788674
2795479	2795929
2797357	2797501
2798829	2798921
2801423	2801568
2811197	2811316
2812798	2812988
2814841	2814963
2815579	2815811
2816580	2816804
2817779	2821344
2821385	2821429
3088882	3089245
3099197	3099636
3215579	3215712
3216534	3216742
3217100	3217292
3221634	3221827
3223432	3223509
3224682	3224736
3229466	3229588
3231565	3231767
3232887	3233008
3236339	3236475
3237350	3237532
3238846	3239053
3239083	3239208
3239626	3239879
3239932	3240054
3240092	3240211
3673236	3673374
3677271	3677414
3682575	3682939
3685471	3685484
3689206	3689272
3689380	3689709
3764121	3764341
3764629	3764888
3766491	3766628
3768034	3768186
3771251	3771453
3772491	3772784
3929733	3929884
3932156	3932219
3933371	3933476
3935301	3935397
3936191	3936276
3937786	3937917
3940149	3940290
4026933	4027062
4027093	4027163
4031104	4031155
4031194	4032009
4032803	4035642
4049247	4049431
4049776	4049874
4051520	4051644
4053365	4053538
4054378	4054537
4056831	4058366
4058387	4058904
4076980	4077585
4111379	4111511
4111556	4111717
4112268	4112335
4113033	4113256
4113385	4113467
4113659	4113799
4113882	4114096
4114324	4114473
4115247	4115342
4116296	4116451
4117959	4118237
4126038	4126217
4127688	4127779
4128636	4128797
4129373	4129570
4129731	4130669
4130706	4130984
4136664	4137332
4137354	4138759
4138917	4139015
4139200	4139268
4139784	4139865
4141269	4141397
4141490	4141557
4142045	4142226
4142497	4142559
4142816	4142870
4143199	4143281
4143391	4143518
4143646	4143720
4144048	4144219
4144478	4144694
4144947	4145011
4145463	4145581
4145679	4145836
4145953	4146024
4153072	4153137
4153991	4154069
4154209	4154342
4154680	4154806
4154994	4155052
4156064	4156136
4156515	4156631
4156732	4156920
4157022	4157134
4157413	4157472
4238676	4238762
4239125	4239216
4239713	4239897
4240380	4240444
4240984	4241110
4242102	4242232
4243144	4243287
4243708	4243828
4244554	4244672
4245669	4245772
4246178	4246244
4246857	4247015
4247371	4247442
4303295	4303374
4304678	4304753
4305825	4305959
4320380	4320469
4321138	4321226
4321757	4321812
4322299	4322430
4322773	4322816
4323524	4323671
4323972	4324144
4326005	4326192
4438904	4439799
4440630	4440673
4441070	4441142
4441940	4442231
4442661	4442838
4443202	4443414
4444001	4444151
4444665	4444780
4447677	4447763
4448090	4448240
4448822	4448994
4449422	4449587
4453242	4453300
4453840	4454008
4454600	4454715
4454871	4455045
4455586	4455732
4456484	4456587
4456988	4457156
4457278	4457429
4457874	4457988
4458870	4459124
4459209	4459326
4459737	4460582
4549599	4549793
4550615	4550705
4550941	4551128
4551248	4551390
4551496	4551658
4552085	4552190
4552260	4552344
4552446	4553259
4557542	4557826
4558018	4558200
4558316	4558552
4558665	4558776
4558992	4559110
4559462	4559652
4559935	4560079
4560616	4561999
4593864	4593996
4594239	4594359
4594698	4594799
4595323	4595423
4596076	4596148
4596364	4596715
4600723	4601137
4601311	4601469
4601558	4601735
4601827	4601939
4602810	4603032
4603211	4603350
4603844	4603946
4604233	4604438
4605080	4605246
4605512	4605620
4605730	4607953
4618361	4618611
4620651	4620735
4621913	4621992
4622547	4622627
4622710	4622829
4623758	4623838
4626046	4626131
4627451	4627508
4628278	4628373
4629830	4629911
4631596	4631665
4632342	4632493
4633221	4633306
4634208	4634345
4634633	4634735
4635791	4635915
4636671	4636756
4636885	4636938
4637390	4637430
4638012	4638098
4641191	4641340
4642336	4642444
4643336	4643456
4643817	4643981
4645519	4645629
4646047	4646193
5007962	5008262
5010718	5010782
5038300	5038333
5047312	5048129
5048783	5048908
5141176	5141434
5145186	5145328
5146574	5146698
5147565	5147646
5148074	5148117
5148199	5148273
5148902	5149013
5149771	5150974
6123638	6123919
6125056	6128534
6377246	6378158
6453266	6453315
6455161	6455217
6525128	6525189
6526050	6526143
6527156	6527227
6527505	6527653
6528634	6528727
6528815	6528931
6532329	6532499
6532602	6532680
6534979	6535088
6538449	6538535
6541375	6541570
6542876	6543052
6543971	6544053
6545780	6545923
6546530	6546574
6547280	6547390
6552153	6552189
6553209	6553280
6554527	6554631
6556473	6556607
6559187	6559281
6943834	6943937
6957663	6957751
6959125	6959223
6961713	6962007
6962099	6962261
6962776	6963795
6965868	6965992
6971807	6972041
6973935	6974074
6974621	6974684
6977990	6978126
6981286	6981357
6981716	6981809
6984530	6984577
6985082	6985131
6989394	6989608
6994045	6994166
7114661	7114701
7115837	7116013
7116789	7116996
7119697	7119780
7120682	7120858
7121192	7121315
7121819	7122899
7335606	7335635
7336474	7338183
7338600	7338617
7383563	7383619
7391283	7391354
7392228	7392300
7393775	7393869
7394880	7394990
7404418	7404501
7405633	7405782
7407539	7407727
7410776	7410961
7411996	7412202
7416192	7416284
7417122	7417235
7417552	7417728
7419879	7420025
7422777	7422821
7424557	7424714
7426228	7426333
7428833	7428856
7432457	7432532
7433322	7433416
7433620	7433727
7434130	7434231
7434922	7435005
7435588	7435737
7436480	7436668
7437630	7437815
7440368	7440574
7441318	7441410
7446374	7446487
7447898	7448146
7532344	7532505
7533004	7533143
7533657	7533831
7534323	7535812
7586209	7586221
7590708	7590735
7592881	7592924
7598939	7599807
7701162	7701265
7702863	7702972
7704457	7707968
7708075	7708111
7712583	7712814
7714806	7714842
7714941	7716796
7716854	7717479
7785578	7785729
7790244	7790300
7791612	7791766
7792495	7792586
7794393	7794482
7795560	7795680
7796892	7797005
7797653	7797771
7799388	7799470
7802956	7803062
7805635	7805782
7807896	7807977
7809384	7809507
7810264	7810364
7810803	7810889
7811824	7811982
7812484	7812684
7813520	7813725
7814252	7814344
7814802	7815012
7816230	7816400
8057545	8057690
8058446	8058539
8060468	8060535
8061676	8061850
8065128	8065322
8067018	8067185
8068283	8068372
8069664	8069749
8073977	8073998
8082655	8082734
8133740	8133753
8136495	8136545
8165292	8165402
8188705	8188819
8195427	8195517
8197152	8197248
8200347	8200420
8200994	8201087
8202433	8202535
8203521	8203588
8217664	8217742
8261340	8261391
8264719	8264772
8264849	8264905
8280036	8280084
8282508	8282847
8283156	8283333
8285025	8285134
8285220	8285358
8286731	8286881
8287999	8288122
8288882	8288953
8290487	8290626
8291070	8291242
8291449	8291523
8291751	8291942
8292442	8292556
8293204	8293361
8295115	8298047
8298084	8298863
8298885	8299082
8355977	8358845
8367357	8367376
8374840	8374891
8379262	8379412
8381549	8381600
8384672	8384782
8453534	8453579
8482685	8482723
8485010	8485085
8492377	8492460
8499194	8499398
8519793	8519831
8523698	8523832
8524982	8525026
8530585	8530701
8531461	8531529
8532394	8532429
8532848	8532910
8533561	8533596
8533732	8533773
8534679	8534771
8535754	8535807
8537181	8537240
8537708	8537752
8538326	8538379
8539676	8539745
8540474	8540584
8541384	8541533
8542857	8542961
8543806	8543966
8544916	8545088
8545670	8545853
8548305	8548377
8549158	8549379
8549616	8549777
8551787	8551957
8552595	8552738
8552971	8553096
8553417	8553598
8553865	8553928
8554412	8554486
8554827	8554934
8555632	8555739
8556065	8556136
8557410	8557535
8557848	8557964
8558140	8558301
8559212	8559310
8559583	8559729
8560108	8560224
8560889	8561080
8561304	8561590
8562171	8563727
8578081	8578227
8578335	8578501
8579497	8579638
8586756	8586839
8588826	8588924
8589407	8589489
8595314	8595365
8631210	8631302
8631326	8631507
8631528	8631716
8633903	8634054
8636983	8637076
8638151	8638241
8638417	8638510
8639109	8640221
8641595	8641693
8643593	8643684
8644765	8644866
8646671	8646840
8646979	8647081
8647726	8647887
8648610	8648688
8649191	8649290
8649539	8649744
8650806	8651933
8651958	8652443
8662243	8662571
8666126	8666539
8668375	8668599
8669720	8669948
8804264	8804284
8806887	8806973
8809245	8809411
8810316	8810416
8810543	8810643
8810921	8811100
8812397	8812552
8812797	8812928
8813680	8813748
8814471	8814580
8815238	8815464
8816011	8816132
8816513	8816665
8818029	8818161
8819092	8819240
8819833	8819952
8821354	8821464
8821651	8821764
8823614	8823736
8825261	8825393
8826153	8826271
8826456	8826668
8831291	8831401
8832093	8835039
9627498	9627545
9642693	9642806
9647602	9647662
9702193	9702411
9708527	9708618
9717082	9717096
9725461	9725728
9727096	9727356
9741343	9741494
9752183	9752275
9764618	9764747
9779169	9779539
9784206	9784258
9791125	9791363
9801229	9801381
9806459	9806658
9808057	9808267
9812781	9812975
9815865	9816065
9834828	9835013
9836108	9836131
9849668	9849884
9856773	9856892
9858648	9858909
9861434	9861701
9871748	9871981
9872855	9872875
9876347	9876514
9886138	9886292
9888477	9888564
9891931	9891992
9904053	9904419
9906189	9906699
9911747	9911919
9914131	9914366
9920249	9920513
9924614	9925072
9925774	9926994
9927488	9927630
9929047	9929801
9930024	9930113
9933113	9933227
10104608	10104760
10106718	10106766
10107955	10108046
10109174	10109225
10111292	10111362
10112030	10112151
10112882	10113015
10114039	10114205
10114881	10114973
10117258	10117413
10120315	10120487
10120608	10120803
10122504	10122545
10123241	10123282
10124288	10124418
10124505	10124606
10125808	10125892
10126895	10126988
10127401	10127481
10127751	10127814
10129531	10129648
10130138	10130296
10130904	10131068
10131723	10131998
10132432	10132573
10134882	10135039
10135873	10136001
10136594	10136725
10136809	10136993
10137726	10137910
10138206	10138308
10138677	10139113
10139976	10140034
10141534	10141569
10145572	10145709
10146048	10146117
10146196	10146353
10146960	10147030
10147131	10147186
10149206	10150067
10747227	10748199
10750821	10750936
10756415	10756453
10756940	10757013
10758016	10758178
10758279	10758368
10758642	10758724
10759758	10759825
10760904	10761022
10761837	10762029
10763090	10763194
10763482	10763592
10764334	10764419
10764972	10765079
10765328	10765441
10766365	10766470
10766545	10766717
10767252	10767404
10768529	10771515
10771536	10772256
10780855	10780994
10781503	10781716
10782356	10782517
10783180	10783394
10783903	10784022
10784297	10784375
10785145	10785312
10786522	10786657
10788223	10788251
10789944	10789964
10791164	10793577
10811517	10811657
10816168	10816230
10820757	10820846
10822618	10822680
10823671	10823759
10826292	10826451
10827672	10827815
10829796	10832490
10843762	10843977
10844160	10844239
10844608	10844681
10844892	10845011
10845600	10845645
10846026	10846141
10846293	10846368
10846828	10846977
10848259	10848394
10854085	10854285
10855162	10855268
10855381	10855487
10856215	10856313
10856659	10856769
10857464	10857507
10858085	10858273
10858768	10858919
10859611	10859923
10860761	10861591
10874410	10874454
10877518	10877632
10884517	10884712
10885841	10886027
10886257	10886418
10888424	10888564
10888745	10888868
10889134	10889302
10890225	10890357
10890883	10891073
10894730	10895972
10903312	10903436
10905507	10907954
10920083	10920270
10920390	10920431
10920544	10920682
10921204	10921293
10921423	10921515
10922223	10922474
10922797	10922981
10951677	10951704
10953823	10954037
10954856	10956365
10956867	10956998
10965029	10965180
10970263	10970343
10972361	10972436
10987759	10988423
10989832	10989934
10990288	10990361
10994811	10995013
11000401	11000471
11005350	11005518
11008365	11008494
11010923	11011081
11011602	11011667
11013578	11013736
11014213	11014315
11015090	11016676
11017436	11017584
11018064	11018169
11021031	11021194
11021410	11021595
11021645	11021714
11021832	11022004
11022019	11022133
11022660	11022769
11023136	11023339
11084674	11084957
11087102	11087251
11087572	11087733
11088837	11089097
11089948	11094225
11094246	11094650
11457873	11457940
11482999	11483162
11486035	11486079
11487781	11487910
11493973	11494118
11499283	11499426
11502968	11503138
11511546	11515140
11515377	11515756
11515791	11516267
11561855	11561919
11566784	11566909
11567723	11567833
11569697	11569787
11571911	11572041
11574461	11574515
11576475	11576553
11577222	11577397
11579108	11579180
11579584	11579779
11581098	11581262
11582004	11582165
11585464	11585613
11590811	11590942
11593266	11593333
11594406	11594521
11596861	11596958
11597357	11597484
11601086	11601179
11603238	11603411
11603897	11604026
11604429	11604587
11606251	11606394
11607590	11607724
11609490	11609590
11610156	11610289
11612064	11612211
11613227	11613386
11617727	11617869
11618644	11618723
11618928	11619021
11620174	11620280
11620313	11620383
11621075	11621134
11621434	11621525
11621542	11621694
11628130	11628272
11629026	11629218
11630511	11630619
11630750	11630841
11630928	11631050
11632186	11632284
11632868	11633035
11633495	11633655
11634069	11634262
11635336	11635404
11639958	11640037
11640504	11640797
11641947	11642129
11642538	11645126
11807574	11807589
11818210	11818311
11820929	11820982
11822607	11822686
11845552	11845818
11859168	11859256
11859727	11859771
11873660	11873801
11875018	11875150
11875419	11875615
11881620	11882415
11889507	11889620
11891179	11895233
11929762	11929902
11931276	11931362
11936688	11936765
11940236	11940322
12223989	12224009
12230542	12230592
12238138	12238368
12246121	12246229
12246321	12246478
12249018	12249203
12249825	12249973
12250635	12250728
12251206	12251268
12251359	12251495
12252757	12252868
12918521	12918701
12918881	12918982
12921998	12922131
12922439	12922482
12931476	12931639
12933193	12933297
12934177	12934310
12934950	12935079
12935369	12939360
12951399	12951455
12952777	12952883
12954335	12954518
12958451	12958516
12959168	12959185
12961454	12961536
12963877	12963923
12965745	12965821
12966407	12967214
13040598	13040676
13044548	13044604
13046660	13046703
13046783	13046837
13047261	13047353
13047809	13047897
13048532	13048593
13049574	13049670
13050772	13053109
13079836	13079841
13089770	13089814
13093060	13093171
13097889	13098153
13107746	13107807
13110599	13110780
13111774	13111923
13112339	13112428
13112744	13112927
13113727	13113855
13115687	13115850
13116915	13117067
13118650	13118782
13124549	13124643
13125401	13125511
13127184	13127399
13127877	13128000
13128392	13128534
13129181	13129412
13130024	13130416
13131852	13131945
13132370	13132746
13133108	13133382
13155131	13155331
13155662	13155739
13156383	13156459
13157364	13157476
13159051	13159156
13161931	13162067
13162292	13162404
13162631	13162719
13162936	13163049
13164620	13164731
13165651	13165804
13166594	13166624
13167801	13167880
13169191	13169407
13204042	13204171
13210867	13211048
13212003	13212180
13212664	13212833
13213399	13213585
13214351	13214501
13219325	13219331
13229718	13229817
13230280	13230407
13299905	13300671
13301913	13302052
13302746	13302980
13303068	13303174
13303720	13309320
13340994	13340999
13345413	13345562
13358753	13358836
13361820	13361903
13369760	13369855
13370370	13370605
13371096	13371179
13371516	13371662
13372132	13372228
13373297	13373460
13373832	13373962
13374602	13374762
13375258	13375350
13375764	13375997
13377029	13380239
13386575	13386744
13389011	13389135
13389559	13389688
13389944	13390064
13501619	13501830
13503923	13504167
13504659	13504871
13505441	13505620
13505958	13506212
13506797	13506965
13508102	13508241
13509037	13509168
13509332	13509543
13511159	13511309
13511621	13511833
13512160	13512364
13512632	13512771
13513655	13513786
13514667	13514773
13515506	13515731
13516996	13517135
13517501	13517663
13518329	13518361
13519940	13520647
13534803	13535180
13536789	13536914
13538526	13538659
13539169	13539793
13567220	13567305
13567408	13568089
13568879	13569004
13569673	13569806
13572894	13573935
13574583	13574856
13575660	13575734
13575757	13576589
13576628	13577167
13661860	13662010
13669288	13669404
13674870	13675157
13677232	13677376
13678074	13678204
13678406	13678563
13678833	13678985
13740398	13740529
13741073	13741151
13741441	13741483
13742155	13742280
13742383	13742540
13743249	13743758
13786517	13786625
13788102	13788196
13789394	13789494
13789520	13789598
13790513	13790569
13790835	13791504
13792940	13793177
13793699	13793858
13794103	13794399
13794469	13794629
13794774	13794888
13795169	13795384
13795601	13795758
13796407	13796583
13796698	13796815
14449138	14449242
14449784	14451721
14460313	14460674
14461379	14461553
14467479	14467778
14468895	14469090
14469924	14470009
14470623	14470726
14471027	14471553
14498850	14498915
14499308	14499338
14499670	14499730
14500072	14500116
14500395	14500594
14500704	14500763
14501006	14501073
14501354	14501489
14501570	14501654
14501762	14501834
14502343	14502480
14502869	14502952
14503315	14503367
14504989	14505197
14507599	14507628
14509259	14509312
14511329	14511432
14514172	14514326
14515038	14515149
14517963	14518056
14519674	14519784
14528295	14528310
14528376	14528566
14528809	14528898
14529467	14529633
14530376	14530470
14530653	14530772
14531769	14531944
14532440	14532501
14533140	14533275
14533719	14533777
14533955	14534152
14535911	14536055
14536523	14536633
14537102	14537185
14537785	14537898
14538053	14538208
14538760	14538854
14539883	14540012
14540692	14540862
14541220	14541327
14541532	14541609
14541692	14541793
14542438	14542587
14543359	14543475
14544106	14544228
14544728	14544904
14704762	14705784
14710956	14711744
14714905	14716038
14834204	14834220
14834368	14834483
14834769	14834800
14842620	14847416
14989226	14989411
14992094	14992174
14995101	14997181
15001405	15001453
15002289	15002335
15002489	15002614
15002813	15004406
15011242	15011562
15012945	15013408
15014119	15014369
15017574	15017791
15021335	15021531
15024690	15024779
15026965	15027035
15028092	15028256
15028677	15028791
15030637	15030771
15035598	15035670
15036545	15036847
15044166	15044412
15046945	15047062
15048980	15049078
15051973	15052110
15058855	15059159
15501108	15501231
15507085	15507248
15529389	15529591
15530863	15530950
15537309	15537350
15539756	15539875
15548482	15548541
15552380	15552448
15561055	15561201
15565041	15565174
15565726	15565931
15567259	15567335
15571715	15571960
15582690	15582724
15583910	15583946
15587274	15587278
15587688	15587736
15591606	15591654
15592774	15592949
15594340	15594413
15599817	15599888
15609840	15609910
15610697	15611007
15612108	15612615
15612905	15613104
15613782	15613991
15618583	15618687
15620758	15620772
15624980	15625087
15626665	15626784
15627808	15627862
15628006	15628104
15628428	15628519
15629036	15629122
15630661	15630817
15632476	15632554
15642976	15643072
15643995	15644101
15644850	15644988
15649215	15649304
15652298	15652402
15653198	15653728
15661232	15661390
15662192	15662338
15662910	15663047
15664190	15664237
15664752	15664895
15665359	15670478
15671729	15671878
15675266	15676508
16190574	16190995
16210094	16210264
16211643	16211779
16213540	16213736
16216557	16216769
16218438	16218624
16221988	16222212
16224085	16224247
16226873	16227085
16230187	16230418
18139120	18139125
18147876	18147908
18150149	18150325
18151185	18151289
18158932	18159071
18159453	18159527
18159613	18159682
18160651	18160787
18161570	18161681
18163962	18164072
18165228	18165310
18166255	18166362
18166904	18167022
18167312	18167376
18167998	18168102
18169774	18170319
18172881	18172995
18173709	18173788
18174070	18174099
18971955	18972002
18972122	18972397
18975514	18975654
18976451	18976552
18978286	18978606
19008677	19008906
19008930	19009099
19009514	19009650
19009765	19009884
19010009	19010164
19010279	19010402
19010711	19010773
19011850	19011909
19012524	19012665
19013031	19013182
19013480	19013727
19014113	19014216
19014363	19014483
19065482	19065619
19067895	19067984
19071065	19071145
19072108	19072215
19072801	19072929
19076071	19076174
19076801	19076851
19077660	19077724
19078524	19078605
19078971	19079121
19079924	19080121
19080987	19081124
19081215	19081372
19082244	19082315
19083186	19083259
19083891	19083994
19084664	19084845
19085370	19085633
19085958	19086132
19086775	19086877
19088082	19088227
19088598	19088657
19089667	19089794
19092152	19092287
19094055	19094120
19094973	19095043
19096460	19096613
19099165	19099248
19100413	19100618
19115727	19115801
19116312	19116426
19122221	19122311
19129356	19129475
19130324	19130440
19131121	19131270
19134131	19134255
19134717	19134831
19135191	19135310
19137071	19137262
19138567	19138758
19139670	19139829
19141562	19141650
19142288	19142376
19142595	19142661
19143277	19143392
19143497	19143566
19143859	19143951
19144271	19144363
19145274	19145399
19146125	19146346
19148139	19148231
19148489	19148567
19149921	19150192
19150439	19150551
19151942	19152042
19156684	19157990
19158018	19158536
19395950	19396148
19396595	19396731
19748526	19748657
19748855	19748961
19754388	19754559
19755625	19755741
19756094	19756208
19756325	19756450
19756542	19756630
19759270	19760488
19760509	19762628
19765320	19765547
19766545	19766628
19774414	19774498
19779129	19779256
19779666	19779867
19782398	19782468
19783922	19784016
19784683	19784778
19785600	19785722
19787009	19787147
19788881	19788940
19791046	19791192
19792058	19792144
19793117	19793195
19794072	19794205
19794493	19794610
19799366	19799455
19800164	19800263
19801058	19801112
19802033	19803662
19803684	19804391
