11545	11615
15638	15688
21771	21921
26129	26156
28588	28664
31445	31531
39007	39123
39247	39272
39802	39876
46867	46946
51859	51901
73548	73617
1120494	1121873
1126616	1126813
2203461	2203610
2209564	2209606
2210430	2210471
2212504	2212581
2345164	2345256
2345814	2345892
2346309	2346674
2346721	2346854
2348596	2348613
2350082	2350235
2352316	2352364
2354472	2354545
2362645	2362721
2363606	2363642
2364768	2364865
2364982	2365179
2366027	2366143
2369733	2369882
2369991	2370065
2377046	2377197
2377926	2378061
2378753	2378827
3105345	3105414
3111140	3111264
3115428	3115610
3117215	3117389
3122327	3122500
3123045	3123195
3123696	3123837
3124356	3124562
3125070	3125225
3125373	3126274
3143345	3143657
3146587	3146758
3148977	3149261
3149345	3149467
3150105	3151315
3154026	3154086
3155017	3155102
3155310	3155474
3156443	3156654
3157106	3157298
3157368	3157666
3157738	3157900
3167101	3167306
3168783	3168855
3171426	3171741
3176216	3176493
3176944	3177006
3177038	3177644
3177686	3178020
3179658	3179760
3179853	3179989
3180304	3180444
3191421	3191555
3192645	3192781
3193316	3193388
3195238	3195311
3196003	3196069
3197562	3197670
3197777	3197923
3198047	3198207
3198336	3198428
3200383	3200423
3200523	3200652
3200726	3200820
3200901	3201054
3278595	3278774
3280560	3280680
3280731	3280863
3286080	3286548
3287215	3287325
3287420	3287537
3287599	3287621
3410978	3411071
3411212	3411312
3412136	3412255
3413530	3413649
3413688	3413957
3417879	3417971
3418087	3418137
3418216	3418246
3418658	3418773
3419656	3419835
3422970	3423066
3426125	3426292
3426847	3426962
3427270	3427383
3427856	3428033
3430507	3430609
3432587	3432779
3433404	3433559
3434971	3435144
3435477	3435643
3435934	3436048
3436141	3436246
3436784	3437088
3437191	3437229
3438438	3438758
3439211	3439471
3441611	3441671
3442235	3442584
3447594	3447731
3447811	3447912
3448865	3449026
3450892	3450980
3452089	3452236
3460199	3460255
3460832	3460930
3461499	3461666
3462244	3462399
3463668	3463748
3466261	3466336
3466384	3466661
3468972	3469068
3469605	3469744
3470591	3470679
3470895	3470994
3480944	3481111
3481923	3482032
3484701	3484848
3486351	3486389
4424115	4424246
4425041	4425199
4431336	4431401
4431556	4431660
4432099	4432161
4432294	4432364
4433377	4433483
4433704	4433760
4433991	4434085
4434342	4434410
4439885	4439953
4442713	4442955
4447375	4447427
4449101	4449272
4450254	4450418
4451644	4451832
4452316	4452413
4453053	4453185
4454600	4454806
4681083	4681127
4684954	4685009
4693299	4693382
4695682	4695795
4698123	4698174
4702719	4702750
4704634	4704762
4706668	4706873
4708571	4708739
4710076	4710166
4711272	4711521
4713484	4713667
4716017	4716171
4720554	4720638
4722107	4722327
4726207	4726388
4728549	4728765
4732213	4732446
4732914	4733057
4733083	4733220
4742316	4742410
4743311	4743389
4743786	4743943
4744000	4744100
4749228	4749266
4759686	4759743
5423931	5424023
5427566	5427709
5429363	5429493
5431506	5431740
5431992	5432154
5433028	5433165
5433688	5433810
5434342	5434562
5434930	5435042
5436111	5436233
5437441	5437590
5438623	5439391
5443273	5443440
5443971	5444072
5446275	5446337
5447373	5448578
5621849	5621915
5622947	5623119
5624135	5624227
5628570	5628764
5635360	5635467
5639923	5640239
5641234	5641818
5647893	5647916
5652296	5652404
5690891	5690936
5693362	5693712
5696341	5696429
5710576	5710630
5711013	5711204
5711776	5712138
5719611	5719771
5758378	5758522
5759984	5760123
5769470	5769585
5771604	5773153
5774487	5774554
5774622	5774684
5776185	5776286
5782537	5782597
5786021	5786200
5788566	5788687
5790435	5790549
5791536	5792058
5841441	5841528
5844854	5844920
5868547	5868619
5871383	5871459
5873294	5873414
5874958	5875172
5882224	5882274
5883928	5884042
5893567	5893668
5918356	5918474
5918867	5919056
5920459	5920579
5923842	5923943
5924442	5924578
5925623	5925726
5927630	5927765
5928783	5928912
5931665	5931934
5934384	5934991
5953211	5953389
5953864	5954068
5956749	5956868
5956986	5957093
5958215	5958300
5958398	5958507
5960003	5960089
5960727	5960829
5961455	5961614
5962559	5962732
5963229	5963318
5964654	5964881
5966304	5966549
5966914	5967105
5967536	5967679
5968146	5968329
5969564	5969646
5969759	5969917
5970229	5970327
5971208	5971360
5971553	5971635
5972384	5972549
5973032	5973253
5974216	5974430
5975071	5975238
5975894	5976029
5976753	5976910
5977399	5977513
5978127	5978243
5978972	5979253
5980250	5980450
5981191	5981308
5982563	5982727
5985218	5985377
5985403	5985534
6021885	6022029
6022941	6023052
6024491	6024605
6026493	6026836
6028289	6028475
6030331	6030489
6031674	6031880
6038000	6038095
6347986	6348055
6352498	6352586
6356385	6356501
6361177	6361354
6366061	6366345
6368752	6369105
6371779	6371948
6372619	6372822
6939725	6939907
6943329	6943532
6956690	6956818
6959753	6959829
6965770	6965878
6968737	6968870
6969546	6969741
6970141	6971397
6988444	6988469
6988703	6989033
6992362	6992482
6993645	6994073
6995150	6995259
6995853	6995981
7008542	7008659
7017010	7017187
7018105	7018254
7022835	7023018
7023878	7023989
7028431	7028614
7031719	7031812
7578004	7578188
7578327	7578472
7580805	7581887
7583026	7583125
7583566	7583755
7584718	7584764
7585595	7585694
7586666	7586742
7587438	7587590
7589849	7589925
7590016	7590059
7591014	7591174
7592491	7592597
7592802	7592922
7604311	7604348
7615091	7615132
7632779	7632857
7639176	7639184
8052567	8052683
8052786	8052822
8053531	8053700
8058363	8058486
8058904	8059094
8063620	8063764
8066331	8066518
8067401	8067546
8067651	8067772
8069012	8069122
8069257	8069447
8070132	8070254
8071846	8071916
8073336	8073473
8073936	8074041
8074129	8074293
8236795	8236960
8241053	8241219
8241829	8242320
8246572	8246716
8247726	8247803
8252732	8252748
8266647	8266778
8267813	8267921
8268942	8269142
8269800	8269979
8271039	8271195
8271934	8272139
8272607	8272710
8272925	8273194
8273288	8273404
8275161	8275302
8275931	8276041
8277313	8277495
8278382	8278647
8358697	8358938
8360998	8361140
8362888	8362976
8367063	8367591
8894815	8894878
8897478	8897605
8908418	8908562
8910670	8910749
8916958	8917070
8919204	8919384
8923986	8924066
8927091	8927156
8928083	8928142
8932027	8932115
8934366	8934570
8936301	8936442
8937232	8937383
8939541	8939746
8946225	8946384
8946998	8948139
8953042	8953087
8959019	8959182
8959645	8959765
8960496	8960575
8962955	8963118
8965836	8965884
8966220	8966347
8967991	8968030
8996114	8996152
9003371	9003397
9026369	9026434
9029097	9029342
9031573	9031739
9031984	9032151
9034191	9034425
9037680	9037804
9042083	9042227
9046881	9046958
9048524	9048636
9048798	9049040
9050972	9051125
9051241	9051411
9054280	9054531
9056505	9056703
9057957	9058229
9058563	9058845
9060702	9060888
9062414	9062644
9064509	9065352
9068239	9068320
9071094	9071965
9189539	9190065
9195549	9195688
9196719	9196821
9198454	9198571
9199186	9199256
9199621	9199709
9201060	9201125
9201686	9202184
9203062	9203170
9203503	9203558
9203999	9204080
9204338	9204397
9204808	9204941
9212848	9212998
9244914	9245152
9246387	9246549
9247677	9247828
9250881	9250961
9251359	9251508
9252437	9252580
9252734	9252832
9253201	9253377
9255266	9255610
9258668	9258769
9260584	9260673
9260769	9260786
9261502	9261594
9267323	9267479
9269476	9269571
9273683	9276138
9333431	9333580
9334265	9334283
9337963	9338049
9338698	9338810
9343107	9343184
9344156	9344256
9345599	9345691
9347664	9347727
9348452	9348592
9350772	9350962
9353423	9353460
9355956	9356045
9356595	9356803
9357602	9357739
9358337	9358474
9360607	9360729
9362439	9362501
9363176	9363244
9375239	9375321
9375739	9375859
9379434	9379493
9381448	9381527
9381919	9382057
9382302	9382431
9383837	9384015
9384395	9384599
9388793	9388873
9389229	9389593
9391388	9391511
9391787	9391905
9392800	9392911
9393445	9393585
9394238	9394396
9394487	9394584
9396029	9396168
9396995	9397058
9397462	9397562
9399077	9399223
9400272	9400392
9400639	9400715
9402870	9403021
9403412	9403614
9404464	9404590
9405250	9405377
9406033	9406143
9406724	9406801
9407965	9408188
9408695	9408773
9408907	9409068
9409969	9410024
9410817	9410965
9411569	9411705
9413692	9413808
9415180	9415302
9415838	9416076
9417373	9417515
9420380	9420587
9422045	9422186
9423426	9423605
9425010	9425186
9426031	9426107
9427324	9427462
9428996	9429118
9429958	9430171
9430376	9430521
9430979	9431156
9431442	9431534
9431955	9432142
9432773	9432899
9433743	9433843
9435607	9435761
9436128	9436267
9436425	9436507
9436776	9436906
9437084	9437213
9437997	9438152
9440781	9440971
9441392	9441506
9441741	9441954
9442098	9442203
9443565	9443727
9444354	9444514
9445482	9448659
9480799	9480905
9487620	9487712
9487971	9488017
9488136	9488400
9498243	9498527
9507256	9507490
9508325	9508472
9510539	9510579
9571579	9571843
9574932	9575024
9576146	9576289
9579782	9579961
9581140	9581293
9582543	9582619
9584356	9584556
9585363	9585436
9587614	9587740
9588682	9588778
9590281	9590345
9590868	9591021
9593615	9594232
9595213	9595253
9649456	9649628
9651937	9652022
9652474	9652714
9655218	9655357
9657470	9657610
9658584	9658732
9661061	9661228
9667331	9667561
9671409	9671609
9678020	9678139
9685657	9685764
9687257	9688128
10022997	10023116
10024264	10025502
10654553	10654708
10656144	10656317
10657357	10657428
10658176	10658265
10658729	10658872
10659729	10659817
10669469	10669565
10669983	10670165
10671453	10671575
10673189	10673309
10673804	10673923
10674900	10675013
10676371	10676486
10679036	10679210
10679684	10679751
10680432	10680518
10683650	10683765
10684247	10684326
10699846	10699919
10721275	10721390
10744095	10744123
10761600	10761659
10763935	10763993
10838917	10838991
10839263	10839319
10845074	10845159
10853359	10853652
10855738	10855774
10858137	10858229
10867755	10867867
10867892	10868106
10875715	10875858
10887558	10887741
10896685	10896800
10900636	10900762
10902813	10902906
10903579	10903698
10917919	10918006
10920771	10920808
10921902	10922042
10928147	10928293
10932331	10932451
10934137	10934235
10939617	10939718
10941033	10941086
10944585	10944637
10945243	10945375
10950981	10951039
10952987	10953041
10954366	10954430
10954602	10954763
10983769	10983835
10984461	10984525
10994074	10994179
11000774	11000886
11013221	11013388
11027614	11027677
11027950	11028078
11033118	11033267
11036814	11037066
11044551	11044662
11045351	11045371
11047309	11047417
11049886	11050097
11053072	11053251
11053523	11053575
11053765	11053910
11058887	11058924
11062450	11062542
11064007	11064091
11067344	11067493
11070724	11070935
11072390	11072535
11074803	11074862
11075911	11076028
11077474	11077616
11079265	11079436
11079564	11079678
11080920	11081084
11081656	11081846
11082576	11082737
11084362	11084419
11084467	11084931
11087122	11090544
11681075	11681133
11681261	11681429
11682906	11682987
11685499	11686556
11988520	11988639
11993630	11993708
12055983	12055991
12064001	12064098
12064720	12064885
12069045	12069157
12071447	12071559
12075160	12075247
12076410	12076493
12087628	12087744
12088560	12088626
12089512	12089676
12101685	12101854
12106438	12106529
12116469	12119337
12247799	12247927
12253797	12254291
12265740	12265949
12266607	12266726
12268482	12268628
12269238	12269378
12272486	12272545
12280188	12280316
12281530	12281658
12283488	12283571
12287238	12287300
12288475	12288573
12292073	12292133
12294611	12294642
12297924	12297992
12301110	12301187
12302769	12302972
12315271	12315441
12319138	12319203
12321946	12321990
12329111	12329262
12330540	12330678
12332161	12332856
12336630	12336744
12337496	12337620
12337988	12340201
12340933	12341034
12342838	12342975
12347316	12347492
12349558	12349614
12350012	12350194
12358621	12358863
12359207	12359234
12359957	12360132
12360221	12360288
12360298	12360403
12360431	12360529
12426934	12427117
12427248	12427300
12431144	12431161
12431574	12431662
12436731	12436915
12438407	12438571
12444244	12444305
12445935	12446015
12449228	12449296
12451256	12451376
12452401	12452557
12456810	12456951
12458554	12458724
12459962	12460141
12462577	12462742
12464272	12464490
12464517	12464957
12485211	12485250
12490271	12490306
12494790	12494912
12510863	12510909
12520098	12520227
12522503	12522549
12522868	12522922
12522952	12523020
12530162	12530322
12530847	12530912
12534722	12534908
12536587	12536696
12537773	12537835
12541557	12541691
12543055	12543206
12552826	12553150
12555708	12555947
12557373	12557548
12563659	12563818
12564301	12564749
12567718	12567922
12569222	12569344
12572132	12572359
12574084	12574292
12575727	12575814
12578025	12578218
12579109	12579210
12579693	12580015
12580624	12580832
12796122	12796208
12796230	12796393
12796500	12796544
12797926	12798054
12798228	12798888
13064021	13064208
13069258	13069282
13070270	13070337
13079806	13079921
13081126	13081203
13081307	13081373
13085429	13085544
13089953	13090041
13093149	13093207
13093945	13094014
13094592	13094672
13096267	13096475
13098165	13098336
13098735	13098767
13157498	13157666
13157975	13158089
13160014	13160121
13161553	13161636
13163236	13163572
13163841	13163945
13164825	13164910
13165225	13165377
13165400	13166071
13174946	13175147
13175840	13175981
13177858	13178019
13180524	13180529
13183353	13183362
13184566	13184863
13189873	13190009
13192877	13192935
13194890	13195020
13196085	13196935
13197309	13197848
14857997	14858026
14859974	14860252
14870186	14870276
14878266	14878316
14884632	14884655
14888151	14888321
14889912	14890001
14895658	14895776
14896069	14896183
14897966	14898147
14902687	14906654
14991646	14991820
14999206	14999388
15000134	15001138
15015985	15016073
15016567	15016668
15018455	15018556
15019364	15019540
15019713	15019863
15021025	15021161
15022430	15022561
15024306	15024515
15026539	15026642
15029384	15029524
15029938	15030094
15032185	15032414
15033308	15033485
15034778	15034934
15036033	15036180
15038157	15038295
15039125	15039328
15042676	15042768
15044574	15044665
15046361	15046528
15047953	15048058
15049418	15049527
15049647	15049743
15050981	15051079
15053641	15053817
15055707	15055910
15056386	15056475
15057237	15057350
15058757	15058891
15060659	15060781
15061388	15061446
15061891	15062068
15063072	15063824
15104036	15104457
15108180	15108309
15109335	15109470
15109958	15110040
15110626	15110702
15112999	15113091
15114573	15114659
15115129	15115188
15118221	15119483
15144166	15144449
15148590	15148719
15149333	15149468
15150186	15150268
15151929	15152005
15152628	15152720
15153476	15153618
15156913	15157088
15158610	15158691
15169505	15169557
15804373	15804625
15808338	15808517
15808930	15809188
15812550	15812568
15813806	15813925
15814255	15814309
15816055	15816160
15817265	15817424
15819843	15820004
15821018	15821176
15821931	15822055
15823424	15823512
15824606	15824708
15826304	15826383
15827013	15827125
15827234	15827768
15829357	15829437
15829926	15830111
15830551	15830748
15875065	15875076
15875114	15875323
15876187	15876415
15877622	15877767
15878677	15878761
15881997	15882189
15883691	15883840
15886001	15886141
15887113	15887236
15887911	15888000
15888154	15888333
15888784	15888894
15889435	15889554
15891058	15891294
15891623	15891804
15894447	15894621
15895061	15895222
15896040	15896211
15897731	15897806
15898628	15898750
15899507	15899558
16770384	16770454
16771069	16771140
16771766	16771832
16773292	16773335
16773575	16773718
16773849	16774012
16774779	16774802
16778351	16778501
16784436	16784510
16788952	16789095
16790698	16790841
16791981	16792147
16792922	16793054
16797849	16797917
16799864	16799935
16800158	16800229
16802313	16802384
16804827	16804990
16810070	16810194
16810329	16810426
16811818	16811953
16867627	16867731
16867875	16868060
16868532	16868578
16869793	16869923
16871445	16871512
16872599	16872689
16873912	16874046
16875765	16875872
16876851	16876931
16878290	16878802
16878824	16879533
17399548	17399606
17401706	17401786
17404612	17404813
17408335	17408370
17415707	17415736
17419653	17419705
17430265	17430534
17473385	17473449
17525325	17525356
17551437	17551467
17591923	17591945
17595540	17595591
17668131	17668153
17690634	17690690
18336163	18336281
18342025	18342067
18345786	18345917
18347238	18347391
18348102	18348169
18348665	18348761
18355018	18356494
18356985	18357051
18358621	18358703
18359398	18359673
18360167	18360247
18360561	18360633
18361139	18361289
18361807	18361907
18363072	18363193
18363776	18363851
18364349	18364400
18365097	18365241
18366908	18367140
18369254	18369363
18370243	18370375
18370977	18371051
18371182	18371202
18371306	18371350
18372329	18372413
18372779	18372889
18373445	18373528
18373782	18373868
18374590	18374654
18374748	18374790
18374890	18374966
18375403	18375503
18375585	18375636
18375937	18375992
18377179	18377225
18378340	18378396
18378965	18379058
18379716	18379813
18380322	18380383
18380614	18380715
18381353	18381430
18382143	18382313
18383480	18383603
18383953	18385105
18422733	18422872
18428554	18428668
18428772	18428909
18429386	18429514
18430410	18430553
18431193	18431304
18432388	18432583
18433295	18433390
18435735	18435855
18436583	18436750
18438135	18438251
18438340	18438464
18439782	18443513
18599336	18599403
18609456	18609606
18617456	18617472
18622559	18622597
18625937	18626032
18631545	18631710
18632833	18633007
18634537	18634623
18634891	18634967
18637187	18637327
18641566	18641721
18642535	18642598
18643480	18643751
18643997	18644105
18645527	18645636
18648303	18648455
18662363	18662527
18672671	18672766
18675858	18675884
18687877	18687891
18689045	18689129
18695694	18695773
18696377	18696449
18697231	18697276
18698997	18699072
18704861	18704935
18705878	18705941
18706884	18706930
18708505	18708615
18709448	18709520
18710323	18710361
18712814	18712926
18716578	18716652
18717132	18717194
18724352	18724436
18726654	18726698
18727889	18727921
18730296	18730405
18731627	18731718
18732434	18732549
18733378	18733448
18735098	18735406
18738156	18738342
18739874	18739930
18742069	18742135
18742163	18742196
18743039	18743152
18754851	18754905
18786955	18787085
18797294	18797408
18804286	18804397
18805048	18805163
18806361	18806538
18807435	18807612
18808182	18808349
18808544	18808644
18808890	18809128
18812666	18812815
18813645	18814104
18852166	18852190
20108180	20108659
20109420	20111213
21864021	21864218
21867937	21868564
21869255	21869505
21870233	21870347
21871243	21871387
21872259	21872423
21872973	21873262
21878651	21878940
22125448	22125486
22127651	22127681
22145645	22145733
22150736	22150838
22155069	22155199
22166494	22166697
22168314	22168458
22168758	22169347
22170849	22176487
22218614	22218661
22219749	22221591
22276167	22276334
22277178	22277284
22277660	22277744
22278975	22279058
22279626	22279819
22280936	22281125
22281787	22281884
22284375	22284555
22284674	22284767
22285812	22285941
22288398	22288587
22289203	22289336
22290101	22290197
22329104	22329223
22332319	22332399
22345589	22346122
22349156	22349245
22350239	22350343
22350952	22351084
22352489	22352580
22354188	22354298
22357753	22357881
22358938	22359024
22360333	22360385
22361425	22361553
22363941	22364060
22365211	22365385
22367958	22368050
22375716	22375899
22379659	22379820
22381658	22381816
22384799	22385043
22385485	22385644
22389853	22390022
22391746	22391913
22559098	22559124
22563569	22564064
22564890	22565040
22569369	22569529
22570696	22570871
22572273	22572356
22572599	22572666
22572797	22572971
22596845	22597040
22597951	22598312
22599097	22599184
22607547	22607660
22607820	22607926
22610113	22610247
22612019	22612171
22614337	22614460
22616358	22616443
22617561	22617728
22618935	22619074
22620314	22620386
22622304	22622357
22623718	22625972
22671525	22671954
22677369	22677551
22683425	22683561
22684351	22684547
22692003	22692215
22696967	22697153
22698059	22698283
22698593	22698755
22701257	22701469
22703753	22703924
22706007	22707522
22708609	22708776
22709362	22709453
22709538	22709603
22711071	22711196
22712983	22713098
22713670	22713785
22714116	22714196
22714560	22714672
22715946	22716119
22717325	22717395
22718538	22718710
22718809	22718923
22719657	22719763
22720179	22720301
22721560	22721709
22722232	22722379
22722988	22723192
22723761	22723920
22724508	22724618
22726321	22726430
22727579	22727636
22727860	22728006
22728114	22728196
22729436	22729519
22730555	22730701
22731112	22731236
22732817	22732929
22733789	22733857
22734216	22734293
22738658	22738754
22740806	22740930
22741582	22741663
22742289	22742439
22743773	22743896
22745605	22745681
22746322	22746432
22747370	22747510
22748032	22748323
22786352	22787089
22793302	22793809
22796051	22796319
22797809	22798952
22799825	22800020
22804785	22804845
22806186	22806442
22808085	22808246
22808886	22808979
22809748	22809828
22810064	22810220
22811368	22811425
22812443	22812571
22813086	22813231
22813511	22813581
22814326	22814437
22834138	22834412
23044981	23045644
23045678	23046423
23046445	23048142
23048721	23048835
23049126	23049298
23051893	23052232
23054047	23055277
23056120	23056244
23057407	23057495
23059055	23059131
23060861	23061016
23062325	23064639
23066028	23066113
23066818	23066860
23067836	23068068
23069486	23069604
23070900	23071038
23071141	23071326
23073563	23073731
23075545	23075668
23076444	23076531
23080764	23081048
23082034	23082165
23135514	23135612
23136549	23136626
23138783	23138928
23139755	23139909
23140562	23141094
23142424	23143367
23281701	23281795
23282003	23282053
23284617	23284944
23285491	23285549
23286909	23287039
23288207	23288359
23289608	23289791
23291279	23291489
23292106	23292249
23292797	23292898
23293405	23293522
23296711	23296828
23298876	23299127
23479524	23479610
23480577	23480705
23481534	23481684
23482918	23483003
23483079	23483126
23483494	23483563
23483891	23483949
23484269	23484345
23489351	23489501
23603923	23604097
23605668	23605726
23607965	23608057
23609161	23609267
23612247	23612277
23615241	23615351
23619899	23620094
23624405	23624654
23625313	23625585
23630149	23630439
23631676	23631939
23633241	23633585
23634274	23634600
23635153	23635386
23636332	23636577
23637753	23637788
23642395	23642521
23645276	23645430
23645620	23646019
23649314	23649535
23658918	23659011
23661593	23661759
23662421	23662526
23664028	23664102
23664791	23664819
23665824	23665907
23667587	23667679
23668629	23668733
23670079	23670215
23671011	23671141
23672934	23673057
23674265	23674342
23676940	23677048
23677914	23678016
23680607	23680758
23681215	23681250
23681417	23681578
23682587	23682744
23682928	23682988
23769053	23769112
23770182	23770203
23778132	23778159
23780943	23781198
23783065	23783159
23783609	23783796
23784758	23784825
23785549	23785682
23787615	23787698
23789104	23793127
23801200	23801218
23802650	23802826
23805182	23805244
23808000	23808099
23808892	23808984
23809207	23809289
23810336	23810394
23811087	23811154
23812498	23812600
23814019	23814074
23815399	23815534
23815947	23815986
23816421	23816492
23816949	23817056
23817984	23818149
23823525	23823654
23826392	23826505
23827211	23827360
24099053	24099277
24116157	24116390
24117579	24117662
24123444	24123683
24131019	24131084
24133025	24133193
24183271	24183293
24525221	24525337
24538161	24538204
24553638	24553713
24560380	24560432
24560467	24560608
24571365	24571451
24584229	24584340
24585276	24585424
24585630	24585710
24586041	24586118
24586936	24587019
24587440	24587504
24589129	24589332
24590837	24590976
24592100	24592223
24592587	24592719
24594005	24594148
24595044	24595177
24597057	24597158
24599134	24599253
24600126	24600162
24601151	24601665
25440167	25440302
25440411	25440563
25441878	25442128
25446851	25447180
25473664	25473843
25481672	25481977
25482751	25482945
25483898	25484102
25488062	25488147
25489279	25489385
25490105	25490236
25491072	25491199
25491344	25491596
25494946	25495181
25495839	25496027
25498077	25498692
25498839	25498945
25499840	25499966
25501130	25501314
25502495	25502804
25503367	25503443
25503982	25504107
25504497	25504697
25507312	25507392
25507640	25507744
25509052	25509239
25511241	25515208
25515230	25515323
25515346	25515558
25685171	25685204
25696660	25696915
25700185	25700330
25701196	25701462
25702515	25702571
25703010	25703100
25704893	25705053
25705187	25705777
25716550	25716566
25717154	25717231
25737157	25737270
25776291	25776341
25795547	25795662
25803531	25803679
25808560	25808724
25810121	25810282
25811466	25811825
25813915	25814052
25815844	25815873
25819004	25819081
25823429	25823738
25825443	25828085
25844789	25845148
25845816	25846331
26020952	26021036
26024471	26024524
26027951	26028080
26030235	26030443
26031797	26031946
26034786	26034819
26037590	26037608
26062627	26062818
26065860	26065980
26066093	26066247
26067572	26067773
26068711	26068799
26070100	26070354
26073110	26073235
26075332	26075411
26076342	26076447
26079195	26079330
26080538	26080687
26082996	26083140
26083761	26083822
26084897	26085052
26086509	26086627
26095845	26095910
26100423	26100447
26104218	26104288
26105236	26105275
26111092	26111121
26112411	26112525
26121801	26121895
26124184	26124254
26125788	26125879
26126798	26126906
26131245	26131349
26131797	26131902
26132013	26132068
26160312	26160430
26162250	26162358
26163018	26163187
26163980	26164280
26165286	26165447
26165818	26165993
26167685	26167808
26168173	26168238
26254785	26255000
26255011	26255154
26256166	26256249
26387107	26387136
26388772	26389215
26405955	26405975
26583818	26583869
26586229	26586286
26588893	26588996
26601002	26601095
26602074	26602227
26607415	26607441
26608006	26608060
26608917	26608972
26614298	26614502
26618751	26618888
26619625	26619954
26946339	26946679
26949422	26949685
26950375	26950505
26951803	26951974
26952105	26952294
26952798	26952913
26953383	26953509
26953981	26954174
26954630	26954724
26954834	26954966
26960634	26960787
26961803	26961969
26963121	26963236
26967213	26967448
26968531	26971896
27068770	27069007
27072539	27072817
27075376	27075512
27078181	27078340
27081182	27081371
27082047	27082162
27087374	27087488
27088671	27088864
27089941	27090047
27092015	27092070
27093205	27093391
27093652	27093828
27096063	27096128
27255634	27255826
27256989	27257111
27257566	27257822
27262009	27262234
27264622	27264797
27265459	27265641
27267751	27267856
27269132	27269200
27277950	27278086
27418137	27418267
27419273	27421702
27427161	27427296
27428133	27428263
27429115	27429274
27430819	27431006
27431625	27431852
27432046	27432178
27432347	27432456
27437081	27437230
27438285	27438390
27442447	27442610
27444304	27444414
27444889	27444965
27445451	27445679
27446679	27446862
27448032	27448231
27448664	27448858
27449654	27450336
27451800	27451939
27453595	27453785
27455145	27455279
27456870	27457034
27457985	27458175
27458677	27458844
27460292	27460419
27460860	27460928
27461898	27462026
27463158	27463373
27464988	27465138
27466100	27466293
27466759	27466902
27467425	27467562
27469856	27469933
27470093	27470244
27472039	27472154
27472225	27472379
27472839	27472894
27473862	27474030
27475924	27476034
27477748	27477933
27478795	27479004
27479942	27480144
27483508	27483612
27483988	27484134
27485865	27486456
27594141	27594185
27595180	27595315
27604913	27605077
27607563	27607631
27608911	27609093
27610490	27613928
27614924	27615114
27616152	27616317
27619161	27619318
27655732	27656119
27660621	27660707
27662243	27662680
27663664	27663753
27664489	27664560
27668600	27668686
27672105	27672176
27672872	27673273
27674611	27674676
27675696	27675886
27676601	27676774
27685636	27685844
27688630	27688808
27689453	27689632
27718782	27718793
27809560	27809668
27812864	27812876
27820167	27820321
27823320	27823493
27826468	27828401
28744287	28744313
28765298	28765402
28780316	28780485
28788092	28788209
28790555	28790695
28791248	28791388
28800437	28800526
28800759	28800820
28801680	28801734
29235864	29235948
29245962	29246065
29247037	29247129
29247528	29247681
29251082	29251113
29251924	29252002
29255391	29255438
29256281	29256363
29261155	29261226
29264917	29265012
29269725	29269825
29270138	29270309
29274431	29274539
29275494	29275651
29283769	29285350
29285379	29287614
29296329	29296349
29303409	29303435
29306427	29306521
29309356	29309476
29310389	29310458
29316888	29317008
29317776	29317908
29319669	29319795
29320002	29320051
29321056	29321165
29324984	29325079
29325441	29325489
29326119	29326222
29355221	29355346
29358306	29358436
29359424	29359538
29360397	29360497
29361397	29361613
29362592	29362662
29364769	29364896
29364979	29365037
29365133	29365201
29367153	29367296
29368052	29368118
29414637	29414722
29436118	29436282
29441580	29441651
29468711	29469101
29470321	29470476
29473343	29473508
29473863	29473999
29474668	29474890
29477357	29477479
29477902	29478038
29481211	29481313
29482480	29482679
29482967	29483133
29483716	29483824
29484384	29484551
29485226	29485293
29485565	29485715
29486043	29486161
29486402	29486512
29486940	29487012
29487924	29488081
29488354	29488435
29488569	29488609
29488819	29488968
29499079	29499377
29506595	29506746
29508013	29508306
29508598	29508737
29511765	29512422
29661067	29661296
29664351	29664414
29664533	29664607
29672207	29672252
29677958	29678308
29682338	29682426
29683026	29683271
29684407	29684679
29685207	29685377
29685553	29685669
29689016	29689193
29690182	29690291
29690723	29690864
29692176	29692374
29692667	29692843
29693578	29693735
29693946	29694160
29695700	29695851
29695933	29696062
29696729	29696863
29697300	29697490
29698647	29698844
29699715	29699937
29700046	29700191
29701101	29701291
29702474	29702657
29703315	29703673
29704191	29704349
29705135	29705191
29706362	29706534
29706612	29706740
29707322	29707442
29707753	29707890
29708129	29708262
29709170	29709304
29709861	29710058
29712397	29712456
29713661	29713799
29714479	29714624
29715515	29715584
29716523	29716773
29716958	29717050
29717174	29717297
29723272	29723342
29723436	29723613
29723871	29723898
29724275	29724416
30822799	30823128
30823638	30823848
30828015	30828154
30835630	30835905
30836119	30836329
30838831	30842898
30843491	30843687
30845035	30845188
30846595	30846903
30848245	30848445
30849628	30849842
30850246	30850383
30850681	30850824
30853210	30853407
30857447	30858248
30859222	30859353
30859460	30859623
30860176	30860638
30861160	30861313
30861545	30861655
30861869	30862500
30862748	30862885
30864954	30865013
30867745	30867780
30868682	30869298
31508602	31508657
31509318	31509505
31511795	31513309
31515990	31516081
31518477	31518523
31519713	31519827
31519922	31520050
31521789	31521992
31525285	31526076
31527278	31527388
31529435	31529542
31533056	31533105
31535850	31535952
31536718	31538751
31553550	31553807
31559025	31559176
31560771	31560855
31566003	31566083
31566638	31566705
31569722	31569985
31572386	31572513
31573649	31573760
31574656	31576659
31593172	31593250
31595016	31595196
31595280	31595346
31595683	31595840
31596614	31596806
31598274	31598420
31599849	31599968
31601257	31601381
31602936	31603012
31604702	31604826
31606179	31608567
31609889	31610247
31612990	31613102
31615019	31615132
31616675	31616817
31616895	31617000
31617456	31617679
31621249	31621414
31623188	31623687
31623711	31624367
31713961	31714204
31722167	31723039
31723128	31723199
31731996	31732258
31740180	31740330
31741014	31742932
31860592	31860682
31868955	31869182
31875093	31875207
31875578	31875642
31876879	31876980
31880550	31880649
31880817	31880995
31883707	31883739
31883918	31883969
31884745	31884818
31885573	31885650
31887923	31888057
31889640	31889774
31890514	31890609
31891668	31891740
31892431	31892519
31894916	31895032
31895389	31895532
31896046	31896147
31896251	31896322
31896519	31898397
31899391	31899609
31899772	31899840
31901208	31901325
31902606	31902711
31903033	31903123
31903832	31903901
31904922	31905039
31905421	31905499
31906538	31906585
31907950	31908011
31909223	31909379
31910067	31910171
31921943	31921978
31927446	31927466
31927555	31927664
31933066	31933190
31933683	31933811
31935667	31935842
31936346	31936463
31937481	31938881
31957597	31957873
31961556	31961648
31965537	31965691
31974879	31974937
31975954	31976050
31980148	31980247
31980854	31980958
31982984	31983030
31986577	31986688
31989530	31989694
31994665	31994711
31996087	31996383
31996423	31996500
31996544	31996864
31997071	31997216
31997262	31997339
31998527	31998722
31998948	31999327
31999388	31999514
32032841	32032969
32033769	32033874
32039315	32039494
32045500	32045611
32049809	32049950
32050846	32051025
32053289	32053426
32056288	32056411
32057209	32059292
32059344	32059993
32258816	32258943
32259053	32259197
32259970	32260084
32261202	32261251
32293245	32293366
32296105	32296369
32311788	32311937
32345900	32345961
32348617	32348674
32358668	32359302
32360613	32360679
32361001	32361132
32372952	32373110
32374146	32374283
32374554	32374613
32375548	32375679
32376764	32376885
32381297	32381411
32386950	32387051
32390967	32391071
32399729	32400034
32402179	32402212
32410583	32410686
32411332	32411482
32412925	32412990
32415893	32416063
32445408	32445648
32457144	32457363
32501302	32501417
32502739	32502874
32511589	32511705
32512855	32512951
32514863	32514937
32518303	32518333
33859332	33859371
33886109	33886212
33888054	33888065
33915734	33915754
33927477	33927508
33960458	33960497
33960967	33961039
33989618	33989663
34023571	34023631
34025227	34025247
34030452	34030530
34050639	34050674
34054077	34054149
34065828	34065898
34106625	34106693
34119614	34119700
34124175	34124217
34127753	34127829
34127887	34127998
34132893	34132934
34141313	34141370
34157347	34157367
34165704	34165751
34169140	34169175
34210982	34211041
34232268	34232386
34233439	34233475
34250794	34250812
34254692	34254728
34260198	34260266
34268632	34268749
34277068	34277079
34289091	34289171
34299351	34299375
34333916	34333939
34360602	34360689
34365906	34365983
34366705	34366747
34376447	34376491
34391382	34391435
34394830	34394864
34395528	34395641
34455109	34455212
34465687	34465725
34470289	34470343
34484359	34484366
34489672	34489710
34495600	34495692
34516655	34516881
34542596	34542618
34544592	34544687
34547755	34547843
34547964	34548045
34578728	34578868
34584601	34584659
34596620	34596921
34606066	34606137
34607681	34607760
34614890	34614953
34634799	34634933
34639209	34639371
34649627	34649705
34650958	34651208
34652664	34652817
34653959	34654071
34656646	34656758
34657528	34657642
34658482	34658557
34659275	34659382
34661414	34661547
34662371	34662453
34665909	34665919
34681969	34681978
34847667	34847723
34849551	34849557
34849683	34849945
34857238	34857291
34870935	34871006
34875280	34875328
34875803	34875903
34893235	34893266
34895920	34896151
34898063	34898276
34900232	34900422
34907496	34907647
34910262	34910371
34910603	34910933
34914598	34914664
34918522	34918563
35010456	35010512
35012336	35012347
35017667	35017766
35027703	35027822
35028007	35028119
35029599	35029851
35038440	35038519
35039582	35039689
35041042	35041192
35041326	35041460
35043465	35043656
35045014	35045131
35045649	35045665
35049384	35049388
35123779	35123820
35135946	35135975
35146859	35146915
35158637	35158682
35236312	35236504
35248999	35249155
35261859	35261876
35262783	35262936
35264997	35265073
35266374	35266439
35272454	35272606
35491095	35491246
35495976	35496009
35499500	35499534
35503510	35503637
35508864	35508931
35510159	35510316
35524127	35524193
35526463	35526686
35536142	35536197
35539506	35539643
35551923	35552137
35553702	35553848
35558844	35558963
35562715	35562984
35618737	35618787
35627897	35627962
35632386	35632482
35638537	35638613
35640517	35640680
35645449	35645452
35708629	35708965
35711105	35711231
35718037	35718155
35719623	35719819
35720555	35720730
35728926	35728958
36120203	36120393
36120561	36120706
36120794	36120968
36121445	36121986
37139100	37139168
37140821	37140989
37142009	37142141
37142830	37142904
37144187	37144396
37144910	37144975
37146145	37146227
37147484	37147547
37148396	37148457
37150702	37150766
37151257	37151363
37151995	37152096
37153326	37153806
37153831	37154468
37155383	37156291
37197659	37198078
37200932	37201788
37255973	37255999
37264687	37264846
37266763	37266949
37267424	37267522
37268544	37268694
37269407	37269494
37270087	37270259
37272002	37272257
37336164	37336241
37338013	37338138
37338219	37338315
37340311	37340408
37341970	37342053
37342463	37342530
37342653	37342739
37343769	37343823
37345218	37345418
37347875	37347935
37349545	37349702
37351938	37351997
37352138	37352185
37352278	37352349
37355308	37355489
37355573	37355704
37358949	37359051
37362629	37362712
37363214	37363291
37364315	37364410
37364902	37365075
37366523	37366591
37366670	37366901
37367934	37368086
37368745	37368930
37369508	37369628
37369831	37369913
37370826	37370944
37371605	37371759
37372613	37372824
37374894	37375027
37375307	37375439
37379905	37380183
37380310	37380585
37381492	37381574
37383449	37383544
37383788	37383904
37391990	37392052
37396469	37396855
37398214	37398291
37408994	37409008
37411374	37411511
37420835	37420948
37429270	37429386
37432693	37432799
37441864	37441879
37444751	37445026
37445764	37445859
37451697	37451999
37452850	37452960
37460446	37460600
37462964	37463134
37463298	37463557
37467030	37467388
37469022	37469356
37474935	37477670
37496011	37496055
37497165	37497306
37497826	37497946
37498426	37498562
37499164	37499298
37500659	37500807
37512819	37512842
38800183	38800278
38800659	38800805
38804499	38804763
38806786	38806920
38810627	38810729
38813039	38813134
38815134	38815173
39135409	39135536
39135823	39136552
39139600	39139607
39148205	39148385
39153300	39153400
39155878	39155998
39163656	39163803
39166039	39166325
39234847	39235448
39235569	39241450
39281763	39281809
39282736	39282880
39284739	39284832
39287838	39287920
39288842	39289002
39292523	39292574
39296958	39297063
39299577	39301372
39301394	39301716
39301838	39303728
39303754	39303845
39303872	39304948
40651122	40651260
40651683	40651789
40656210	40656398
40657152	40657274
40659819	40659907
40661546	40661687
40663900	40663986
40664064	40664106
40664642	40664720
40683460	40683466
40806217	40806636
40807236	40808519
40815423	40815637
40818589	40818815
40819114	40823368
41255110	41255266
41270894	41270925
41282905	41282910
41283488	41283518
41289642	41289658
41306657	41306715
41309556	41309727
41318937	41319015
41323181	41323376
41327806	41327847
41341760	41341940
41344449	41344526
41351951	41352000
41367197	41367233
41367496	41367703
41373102	41373319
41373974	41374053
41376238	41376259
41404406	41404499
41415894	41415949
41468532	41468585
41472927	41473052
41479647	41479792
41482592	41482653
41490428	41490489
41547133	41547138
41587939	41587974
41593577	41593744
41648008	41648109
41662157	41662262
41663252	41663385
41664425	41664592
41666005	41666126
41667290	41667453
41667913	41668005
41669297	41670588
41692844	41693196
41695451	41695682
41696811	41696930
41697811	41697960
41698534	41698681
41702331	41702499
41705871	41705962
41706606	41707323
41707349	41709227
41908252	41908779
41909251	41909368
41910572	41910970
41912588	41912784
41913643	41913701
41914158	41914323
41915418	41915507
41916196	41916357
41916806	41916951
41917676	41917808
41923659	41924106
41924146	41924345
41924493	41925383
42202564	42202696
42202793	42202837
42203259	42203442
42203547	42203640
42204604	42204734
42205389	42205522
42205657	42205841
42206498	42206775
42207114	42207283
42212448	42212498
42214303	42214431
42215301	42215484
42215769	42215914
42216583	42217615
42217977	42218835
42234482	42234588
42234816	42234958
42236011	42236064
42237283	42237376
42237778	42237868
42238063	42238164
42239059	42239151
42239503	42239652
42239761	42239862
42240394	42240496
42241079	42241187
42242696	42242835
42244306	42244499
42265419	42265530
42268239	42268342
42270964	42271011
42271412	42271464
42272464	42272551
42285637	42285678
42288115	42288148
42291832	42291965
42299682	42299714
42311996	42312187
42317640	42317876
42318937	42318992
42328767	42328834
42331358	42331594
42332922	42333941
42335285	42335391
42335538	42335555
42335940	42336039
42341454	42341611
42342737	42343532
42344464	42344703
42348655	42348789
42349035	42349244
42350473	42351330
42356097	42356204
42359016	42359227
42360705	42360856
42363674	42363804
42365286	42365572
42368219	42368357
42369773	42373138
42535126	42535185
42535225	42535348
42536701	42537005
43000007	43000136
43008374	43008685
43010381	43010408
43011528	43011613
43013069	43013129
43021192	43021285
43186244	43186294
43187517	43187599
43190658	43190799
43197925	43198059
43202364	43202487
43204345	43204481
43206137	43206250
43209292	43209473
43210527	43210752
43214789	43214999
43216033	43218091
43426391	43426540
43438928	43439050
43439951	43440064
43443113	43443311
43444285	43444407
43447271	43447384
43448437	43448521
43448882	43448926
43450830	43451019
43457547	43457635
43458011	43458089
43463382	43463516
43465771	43466227
43589347	43589362
43600360	43600400
43605404	43605443
43617237	43617319
43626838	43626878
43629307	43629408
43635211	43635358
43635584	43635785
43636396	43637391
43648170	43648277
43651629	43651741
43653906	43653964
43655985	43656249
43657440	43657508
43658871	43658943
43659259	43659389
43661700	43661758
43663357	43663544
43663813	43663865
43664365	43664551
43665137	43665234
43666472	43666537
44429408	44429454
44437267	44437319
44438411	44438495
44445677	44445714
44448050	44448148
44455199	44455347
44456850	44457013
44457781	44457939
44459231	44459335
44461194	44461285
44461865	44462003
44464421	44464543
44465486	44465572
44466431	44466628
44469688	44469829
44472933	44473047
44475003	44475204
44476844	44477013
44477852	44477954
44478832	44478956
44479780	44479846
44480148	44480320
44480455	44480632
44482267	44483142
44568703	44568826
44572872	44572942
44573993	44574130
44574566	44574611
44587531	44587736
44588749	44588832
44594601	44594675
44596447	44596681
44600585	44600726
44604122	44604217
44606800	44606965
44608422	44608574
44611735	44611806
45129380	45129441
45131175	45131374
45134116	45134446
45137534	45137783
45145055	45145156
45154020	45157392
45159599	45159689
45163199	45163292
45164403	45164611
45165419	45165569
45167743	45167832
45170319	45170456
45171786	45172146
45173384	45178136
45261168	45261336
45265007	45265284
45267641	45267764
45272057	45272204
45275206	45275223
45279276	45279475
45279966	45280099
45281870	45281974
45283164	45283286
45285056	45285373
45287135	45287275
45288427	45288625
45288807	45289066
45289786	45289971
45317099	45317530
45318711	45319169
45322371	45322625
45323316	45323409
45334870	45334901
45379454	45379595
45380339	45380418
45386106	45386213
45387503	45387649
45401516	45401618
45409022	45409072
45417340	45417432
45424240	45424359
45425165	45425284
45429410	45429544
45430722	45430815
45432744	45432794
45432973	45433232
45441484	45441579
45441975	45442073
45445478	45445734
45447123	45449041
45574462	45574484
45574575	45574619
45577896	45578029
45578759	45578872
45581107	45581265
45583739	45583950
45587218	45587386
45593475	45593727
45985998	45986459
45987162	45987279
45988984	45989137
45993011	45993177
45994128	45994328
46006383	46006448
46011561	46012193
46015399	46015560
46016539	46016706
46017122	46017352
46017387	46020106
46025306	46025437
46026747	46026904
46031573	46031699
46032940	46033029
46034545	46034617
46037714	46037830
46038865	46039810
46039836	46040800
46293163	46293237
46293333	46293432
46294170	46294273
46295882	46295962
46298240	46298341
46301218	46301332
46695175	46695337
46700104	46700808
46708433	46708618
46713382	46713486
46716425	46716505
46718210	46718340
46719939	46720123
46721264	46721366
46722225	46722351
46722966	46723075
46724014	46724126
46725483	46725601
46726008	46726063
46726376	46726582
46726946	46727069
46727699	46727857
46728285	46728458
46729112	46729222
46730412	46730587
46732149	46732286
46734459	46734563
46735625	46735717
46737361	46737464
46738633	46738743
46741955	46741998
46742109	46742164
46744518	46744817
46745004	46745090
46758817	46758862
46761912	46761940
46764237	46764251
46789326	46789401
46789654	46789824
46793058	46793162
46793372	46793532
46794224	46794427
46795776	46795892
46796856	46797065
46834804	46834963
46835047	46835201
46836522	46836641
46837350	46837466
46837851	46838578
46844033	46844138
46847476	46847666
46849245	46849344
46850019	46850172
46850529	46850697
46852697	46852875
46853762	46853873
46856589	46857067
46864506	46864811
46865826	46866883
46884337	46884995
46893969	46894100
46897526	46897725
46898683	46898827
46906235	46906360
46923082	46923228
46923871	46923987
46929530	46929680
46932257	46932430
46935232	46935334
46938053	46938155
46939597	46942340
47130836	47131730
47136582	47136723
47139527	47139658
47143686	47143806
47145949	47146103
47146732	47146845
47148461	47148595
47153347	47153412
47154796	47154861
47156565	47156716
47157913	47157992
47159635	47159762
47159879	47159934
47160751	47160901
47161659	47161732
47161832	47161933
47162045	47162215
47164009	47164149
47164943	47165021
47165268	47166159
47884510	47884679
47885190	47885311
47886213	47886282
47886889	47886958
47887886	47887992
47888437	47888513
47889126	47889156
47890035	47890195
47890522	47890631
47891336	47891457
47891849	47891975
47892095	47892181
47893317	47893394
47893502	47893572
47893711	47893823
47894831	47894961
47896350	47896448
47950565	47951060
47952287	47952690
47952764	47953686
47960305	47960521
47962103	47962204
47964243	47964421
47964771	47964865
47967921	47968002
47968354	47969816
47994083	47994371
47994573	47994700
47999983	48000718
48002404	48003111
48004909	48005562
48007086	48007234
48008458	48008589
48008997	48009084
48009676	48009895
48011109	48011385
48070022	48070145
48071418	48071533
48071973	48072040
48072485	48072576
48073629	48073667
48074731	48074911
48075133	48075398
48076269	48076411
48076798	48076959
48122830	48123025
48123823	48124082
48124834	48124976
48126328	48126486
48135622	48135686
48136574	48136668
48137502	48137530
48138332	48138426
48138949	48139060
48140178	48140258
48140792	48140914
48143046	48143169
48144387	48144490
48144911	48144973
48145442	48145518
48146171	48146237
48146641	48146784
48147438	48147505
48147767	48147845
48148035	48148115
48148478	48148555
48149809	48149990
48150344	48150449
48151180	48151269
48151379	48151459
48152034	48152162
48152987	48153038
48153166	48153229
48154074	48154143
48154788	48154859
48155551	48155668
48156622	48156815
48157948	48158075
48158876	48158963
48159348	48159442
48160677	48161129
48163059	48163587
48165618	48165646
48167357	48167418
48167741	48167829
48168877	48168967
48169071	48169290
48170161	48170364
48170542	48170921
48171568	48172402
48172953	48172991
48174210	48174277
48175360	48175428
48177167	48177271
48177975	48178073
48180667	48180765
48181049	48181203
48181622	48181712
48183091	48183160
48193869	48193912
48194026	48194063
48194306	48194490
48194536	48194602
48195198	48195272
48195974	48196099
48805938	48805953
48805998	48806073
48807283	48807469
48808485	48810915
48813577	48813695
48815449	48815572
48816376	48816519
48817278	48817389
48818434	48818465
48819023	48819147
48819241	48819298
48819478	48819609
48820007	48820135
48820633	48820705
48821272	48821336
48822338	48822433
48822902	48823005
48824049	48824152
48824769	48824880
48825161	48825198
48825519	48825675
48826472	48826640
48829238	48829565
48832268	48832443
48833521	48834697
48838762	48838995
48839940	48840053
48840343	48840463
48841484	48841615
48842132	48842307
48842884	48843411
48843451	48843687
48966489	48966665
48967081	48967300
48967438	48970050
49142014	49142189
49144322	49144532
49145914	49145997
49146612	49146721
49147777	49147891
49149007	49149249
49180058	49180159
49180540	49180653
49181103	49181232
49181382	49181775
49185050	49185182
49188954	49189128
49198008	49198153
49201139	49201324
49201671	49201765
49202403	49202512
49203735	49203907
49205549	49209352
49209373	49210306
49213106	49213164
49213988	49214121
49215185	49215248
49215925	49215980
49216211	49216386
49317336	49318049
49319034	49319196
49319626	49319697
49320096	49320170
49321143	49321292
49321852	49321957
49323266	49324802
49324857	49325722
49331308	49331954
49334854	49334949
49336136	49336274
49338330	49338417
49338526	49338745
49339442	49339702
49340180	49340315
49341574	49341712
49343120	49343695
49344008	49344259
49363707	49363742
49365627	49365728
49366642	49366783
49367406	49367493
49368284	49368503
49369021	49369281
49370002	49370137
49371019	49371157
49372099	49372406
49411297	49411389
49419483	49419589
49421220	49421315
49423271	49423334
49425207	49425320
49427806	49427945
49429837	49430570
49527497	49527643
49529477	49529647
49531495	49531620
49534638	49534685
49534818	49534934
49538353	49538361
50648532	50648552
50651219	50651233
50651817	50651997
50654043	50654210
50655391	50655555
50670303	50670494
50671742	50672086
50675004	50675091
50684633	50684801
50686649	50686882
50691759	50692007
50692242	50692406
50697090	50697268
50697511	50703968
51190076	51190142
51202132	51202272
51213238	51213330
51215312	51215421
51218519	51218605
51219284	51219444
51254234	51254407
51263715	51263811
51270818	51270877
51315639	51315793
51316484	51316531
51319225	51319383
51321295	51321363
52910332	52910452
52915862	52915903
52924657	52924802
52926715	52926723
53223558	53223605
53225166	53225345
53227936	53228122
53230961	53231037
53231744	53231786
53236824	53236974
53244549	53244762
53245093	53245231
53246305	53246416
53246514	53246734
53248096	53248179
53251813	53251908
53253438	53253521
53257412	53257608
53258275	53258376
53259141	53259334
53263911	53264230
53373011	53373330
53374034	53374230
53375429	53375560
53377065	53377181
53377987	53378104
53378641	53378943
53378967	53382407
53415505	53415738
53429069	53429152
53429198	53429252
53449344	53449451
53461245	53461347
53463357	53463462
53464546	53464618
53466370	53466413
53467239	53467401
53470932	53471017
53471433	53471478
53472590	53474922
55385914	55385960
55386384	55386543
55391405	55391452
55394081	55394263
55395705	55395827
55396602	55396739
55399289	55399504
55399604	55399678
55400973	55401068
55401636	55401738
55402446	55402525
55402924	55403019
55404432	55404527
55406323	55406446
55407084	55407156
55408929	55408962
55420478	55420512
55422446	55422952
55425757	55425923
55427512	55427625
55430298	55430403
55431617	55431680
55432314	55432391
55433438	55433532
55434295	55434363
55435134	55435232
55436145	55436295
55437567	55437703
55437863	55437952
55438125	55438266
55439031	55439194
55439824	55439946
55440866	55440928
55441783	55441849
55442696	55442791
55471411	55471521
55472442	55472530
55473420	55473552
55473822	55473945
55474947	55476864
55581809	55581944
55582151	55582305
55582646	55584577
55628053	55628138
55628877	55629028
55630039	55630142
55630894	55631047
55632152	55632302
55632633	55632803
55634037	55634152
55634502	55634586
55635086	55635641
55861510	55861537
55866946	55867153
55877476	55877608
55878370	55878443
55878851	55878972
55881532	55882603
55884810	55887743
56095933	56095995
56101066	56101114
56110972	56111004
56115446	56115565
56117297	56117384
56120213	56120310
56123215	56123384
56127028	56127093
56129454	56129639
56132578	56132671
56144176	56144739
56154271	56154366
56156036	56156135
56161879	56162098
56163042	56163116
56163226	56163400
56163606	56163759
56163893	56164031
56164460	56164612
56165966	56166148
56167134	56167296
56170458	56170881
56171049	56171146
56172978	56173034
56174311	56174403
56175749	56175856
56176577	56176708
56176937	56177365
56178384	56178505
56180221	56180314
56181097	56181182
56181727	56181889
56183394	56183608
56183690	56183788
56185474	56185835
56186037	56186211
56187509	56187667
56187902	56188073
56188176	56188386
56189433	56189503
56190160	56190221
56190890	56191046
56191373	56191549
56192858	56192940
56194137	56194192
56195299	56195390
56196515	56196663
56197251	56197341
56198014	56198351
56198845	56199060
56199806	56199868
56200877	56201722
56238116	56238235
56238734	56239714
56246220	56246340
56248113	56248258
56258052	56258096
56259093	56259179
56259769	56259805
56260178	56260229
56264353	56264407
56265995	56266141
56267445	56268317
56269928	56270025
56271845	56272085
56272867	56272958
56273547	56273610
56274415	56274551
56274786	56274857
56275463	56275556
56275659	56275702
56276482	56276726
56279364	56281690
56281711	56282520
56623220	56623388
56623697	56623782
56624289	56624386
56624774	56624891
56626749	56626886
56627031	56627100
56628173	56628269
56629243	56629332
56629930	56630051
56630697	56630918
56631355	56631414
56631499	56631557
56631730	56631840
56631930	56632072
56632169	56632291
56633256	56633367
56633611	56634144
56757081	56757117
56757158	56757415
56760138	56760254
56763008	56763229
56765245	56765501
56766877	56766969
56774908	56774949
56783947	56784128
56784745	56784837
56784851	56785221
56786247	56786369
56787440	56787610
56787906	56787991
56788349	56788498
56789810	56790984
56791009	56792957
56792981	56794660
56966680	56966738
56967318	56967430
56970462	56970575
56977111	56977157
56980537	56980756
56981547	56981769
56983398	56983549
56984299	56984516
56987343	56987927
57488132	57488533
57492477	57492515
57501205	57501332
57506804	57507002
57510779	57510931
57512727	57512860
57513237	57513345
57514680	57518670
57518692	57519069
57535303	57535433
57535531	57535567
57536279	57536484
57537377	57537422
57540578	57540749
57541160	57541447
57542483	57542499
58345978	58346310
58354250	58354318
58370027	58370089
58374697	58374867
58376956	58377058
58379366	58379464
58384346	58384440
58390859	58390931
58391897	58392005
58395533	58395590
58398724	58398843
58400548	58400694
58402893	58403026
58404321	58404398
58405573	58405669
58407144	58407224
58407996	58408112
58411626	58411830
58412199	58412338
58413539	58413700
58820314	58820824
58821366	58821466
58828724	58828889
58829396	58829540
58830362	58830496
58830976	58831464
58831491	58832003
59409991	59410062
59410940	59410976
59411415	59411481
59412134	59412327
59412915	59413034
59413350	59413434
59413905	59414013
59414159	59414583
59417963	59418061
59418437	59419175
59419527	59419705
59420248	59420448
59421493	59421565
59422060	59422157
59422727	59422825
59423497	59423642
59424317	59424556
59425231	59425372
59425670	59425774
59426284	59426503
59427241	59427398
59427779	59427868
59428155	59428328
59428856	59428969
59430592	59430726
59432125	59432348
59432779	59435925
59441234	59441389
59442401	59442526
59442883	59443056
59443532	59443703
59444216	59444263
59445627	59445720
59446339	59446445
59446953	59447067
59448716	59448834
59448968	59449114
59449902	59452045
59452140	59452424
59452464	59452573
59454667	59454708
59457730	59457851
59458082	59458167
59459043	59459176
59459633	59459821
59462282	59463099
59463123	59463522
59463547	59463768
59471609	59471678
59472505	59472633
59472783	59472907
59473519	59473622
59475095	59475191
59477390	59477528
59477743	59477867
59478220	59478323
59478490	59478660
59489401	59489501
59492086	59492298
59493610	59493669
59494155	59494269
59495006	59495158
59495583	59495740
59496106	59496257
59496706	59496810
59497804	59498054
59499965	59500047
59500898	59500987
59502628	59502782
59503705	59503784
59504494	59504591
59505083	59505815
59610494	59611038
59614118	59614235
59616853	59618004
59618674	59618743
59619442	59619569
59620139	59620259
59621012	59621148
59621598	59621746
59622646	59622811
59648921	59649004
59649096	59649398
59652327	59652875
59655027	59655213
59655913	59656056
59657189	59657300
59658922	59659090
59659591	59659750
59660659	59660860
59661264	59662848
60088823	60088972
60089684	60089881
60091217	60091307
60091625	60091767
60214384	60214419
60217069	60217258
60217927	60218065
60219016	60219099
60226035	60226231
60227021	60227156
60227906	60227989
60228552	60229368
60247471	60247636
60248828	60248843
60249692	60249876
60250176	60250298
60254656	60254808
60255522	60255629
60259290	60259382
60263348	60263473
60270800	60271505
60271534	60272294
60321038	60321217
60321419	60321595
60324148	60324331
60324783	60324941
60326463	60326538
60327495	60328761
60421807	60421954
60424005	60424086
60424715	60424888
60425829	60425919
60426849	60426951
60428593	60428773
60433591	60433693
60433953	60434081
60434266	60434384
60435146	60438064
60751519	60751635
60751744	60751824
60751939	60751995
60752443	60752628
60753048	60755112
60755418	60755500
60756149	60756247
60756576	60756740
60756997	60757102
60757183	60757283
60757490	60757648
60759030	60759438
60759490	60759668
60760780	60760918
60761300	60761484
60761602	60761789
60762278	60762417
60762495	60762641
60763237	60763351
60763460	60763716
60764194	60764353
60764950	60765027
60765154	60765301
60765570	60765697
60765959	60766082
60766365	60766511
60766627	60766761
60766861	60767122
60767541	60767870
60831931	60832023
60832782	60832976
60833231	60833409
60833534	60833646
60833803	60833942
60834214	60834302
60834816	60834942
60835564	60835835
60836009	60836099
60836889	60837000
60837111	60837217
60837522	60837614
60838081	60839077
60840001	60840139
60840213	60840290
60841059	60841093
60841158	60841236
60841489	60841533
60841639	60841697
60842355	60842475
60842690	60843068
60843090	60843123
60843146	60843959
60869036	60869401
60869421	60869752
60870211	60870340
60870397	60870546
60870731	60870795
60871354	60871462
60871650	60871686
60871775	60871917
60872007	60872105
60880134	60880262
60880311	60880388
60880588	60880626
60880735	60880797
60881523	60881673
60882281	60882411
60884124	60884172
60886183	60886283
60886813	60886962
60972889	60972961
60973553	60973659
60973854	60974063
60974258	60974431
60974652	60974741
60975352	60975513
60976332	60976450
60976936	60977008
60978988	60979073
60979499	60979568
60979727	60979874
60979906	60980162
60981082	60981171
60981273	60981384
60981466	60981597
60981767	60981900
60982023	60982326
60991897	60992158
60992480	60992579
60992934	60993717
61186865	61187009
61187666	61187821
61188120	61188260
61188837	61188966
61189485	61189645
61189759	61189886
61190431	61190566
61190781	61190839
61232081	61232162
61234582	61234717
61235906	61235986
61236198	61237187
61240916	61241089
61241180	61241284
61241439	61241537
61241647	61241757
61242278	61242349
61242439	61242539
61242810	61242867
61243736	61243810
61244180	61244281
61244513	61244582
61244981	61245084
61245730	61245787
61246312	61246370
61246705	61246781
61247082	61247179
61247572	61247648
61248007	61248139
61249038	61249135
61249585	61249781
61250277	61250361
61250742	61250903
61252709	61252726
61264966	61267819
61267840	61269336
61272456	61272583
61273126	61273183
61273659	61273834
61274855	61275095
61275810	61275856
61276259	61276425
61276509	61276545
61276630	61276779
61277463	61277783
61278525	61278710
61279316	61279488
61279974	61280080
61281011	61281174
61281727	61281814
61282045	61282222
61287850	61288003
61444909	61444985
61449901	61450385
61451143	61451288
61454324	61454596
61455120	61455444
61456693	61456790
61457983	61458045
61507762	61507803
61508121	61508235
61510265	61510460
61511458	61511644
61513285	61513446
61515053	61515149
61516089	61516257
61519495	61519627
61520057	61520244
61524441	61524489
61565007	61565403
61566326	61566463
61567238	61567488
61567640	61567718
61567800	61567898
61568970	61569175
61569663	61569767
61571565	61571676
61585934	61586125
61586422	61586551
61587143	61587226
61587717	61587910
61589270	61589399
61589540	61589623
61589708	61589732
61590764	61590988
61591249	61591332
61591440	61591788
61616559	61616814
61616994	61617077
61617523	61617594
61617773	61617884
61618326	61618426
61619644	61619725
61620385	61620662
61657219	61657389
61658695	61658787
61659950	61660109
61660627	61660760
61663215	61663298
61663895	61663996
61664092	61664283
61667510	61667599
61668397	61668544
61670328	61670471
61670753	61670887
61675543	61675686
61676968	61677108
61677602	61677742
61678522	61678695
61680224	61680364
61681861	61682004
61687710	61687862
61689418	61689564
61692353	61692499
61693136	61693507
61693742	61693885
61694225	61694492
61695716	61695800
61697485	61697799
61700075	61700228
61701945	61702123
61702979	61703095
61704882	61704948
61705454	61705591
61705779	61705811
61706424	61706555
61706823	61706948
61707301	61707548
61708720	61708868
61709078	61709180
61710001	61710136
61710420	61710616
61710950	61711103
61711415	61711678
61711785	61711946
61712397	61712516
61712937	61713116
61714817	61714941
61715388	61715528
61716039	61716266
61716552	61716665
61717674	61717824
61718300	61718459
61718696	61718858
61719085	61719331
61719824	61720168
61720410	61720570
61720949	61721096
61721193	61721398
61721862	61722018
61722534	61722734
61723309	61723496
61723644	61723919
61724042	61724274
61724561	61724721
61725400	61725614
61726621	61726771
61727051	61727158
61727316	61727475
61727816	61727932
61728026	61728065
61728094	61728151
61728633	61728838
61729136	61729282
61729673	61730311
61923521	61923581
61925740	61925868
61937501	61937535
61938149	61938333
61939155	61939287
61940138	61940352
61940944	61941076
61941248	61941345
61942126	61942255
61943013	61943227
61943352	61943484
61944286	61944383
61944502	61944640
61945263	61945486
61945957	61946089
61946116	61946356
61947912	61948201
61952855	61952899
61954553	61954676
61955790	61955884
62604525	62604629
62608361	62608413
62609237	62609306
62610113	62610168
62610534	62610666
62611347	62611469
62613193	62613237
62614562	62614632
62617083	62617173
62617338	62617429
62618032	62618209
62619151	62619249
62619720	62619791
62620467	62620541
62620994	62621139
62621426	62621618
62622984	62623180
62631250	62631328
62632402	62632569
62781429	62781571
62791171	62791326
62800966	62801042
62807642	62807674
62847504	62847598
62848523	62848566
62849841	62850081
62850581	62850694
62851301	62851445
62852043	62852101
62852700	62852808
62853804	62853938
62854321	62854424
62854513	62854772
62855536	62855746
62866716	62866738
63948134	63948612
63968638	63968867
63977656	63981200
64537080	64537281
64542301	64542356
64544680	64544734
64547691	64548326
64596151	64596174
64596474	64596629
64597569	64597697
64597797	64597934
64598170	64599512
64627724	64627941
64630556	64630958
64631096	64631131
64634546	64634683
64635116	64635208
64648028	64648151
64655129	64655238
64655336	64655371
64663403	64663606
64791390	64791529
64795875	64796012
64796601	64797372
64805296	64805481
64809958	64810122
64812199	64812415
64813479	64813712
64814817	64815081
64815592	64815787
64816870	64817079
64817580	64817663
64818161	64818236
64820471	64821059
64821734	64821868
64823107	64823169
64823999	64824174
64824736	64824913
64825587	64825659
64826572	64826688
64827560	64827690
64828274	64828358
64829765	64829867
64830440	64830632
64831615	64831689
64832762	64832827
64833735	64833874
64834818	64834982
64835059	64835168
64835276	64835379
64836815	64836938
64837251	64837838
64837863	64837924
64840195	64840391
64840723	64840946
64841469	64841673
64842429	64842542
64842818	64842951
64848102	64848192
64874254	64874259
64880183	64880267
64881285	64881379
64881743	64881856
64884423	64884513
64885441	64885520
64885942	64885998
64888431	64888524
64888881	64888976
64889430	64889488
64891500	64891622
64892678	64893209
64973288	64973446
64974004	64974065
64974814	64975049
64975384	64975481
64976394	64976779
64980163	64980262
64985545	64985650
64995281	64995458
65002340	65002423
65007768	65007829
65009183	65009315
65009870	65009902
65010179	65010235
65015068	65015154
65016600	65016689
65017262	65017327
65018212	65018340
65020395	65020523
65022758	65022874
65025258	65025383
65026785	65026940
65029477	65029533
65034378	65035208
65067181	65067398
65068350	65068474
65069342	65071403
65092414	65092445
65092786	65092819
65093762	65093845
65100637	65100759
65106029	65106212
65106947	65107121
65107851	65107943
65108216	65108337
65110056	65110135
65113430	65113514
65114785	65114942
65114972	65115070
65119784	65119877
65120901	65121061
65122485	65122616
65122891	65123036
65124083	65124209
65125087	65125233
65125446	65125545
65126490	65126578
65126877	65126907
65127188	65127279
65331790	65331908
65332222	65332325
65332823	65332992
65422884	65422989
65432022	65432604
65433303	65433392
65439631	65439702
65440792	65440881
65442041	65442178
65442632	65442699
65444783	65444891
65446537	65446621
65449389	65449564
65450956	65451006
65454142	65454288
65455745	65455870
65457059	65457153
65460365	65460452
65461566	65461666
65461761	65461838
65462199	65462262
65462482	65462556
65463032	65463115
65464442	65469723
65474150	65474512
65475182	65475354
65475974	65476081
65476308	65476416
65650395	65650577
65651444	65651570
65652940	65653088
65654396	65654668
65655426	65655547
65658250	65658361
65659678	65659805
65673680	65673818
65674989	65675104
65677410	65677534
65679911	65680102
65680705	65680798
65682686	65682802
65683105	65683272
65683732	65683822
65684438	65684583
65685114	65685252
65685662	65685780
65686421	65686600
65686734	65686925
65687389	65687478
65687901	65688002
65689155	65689166
65741371	65741392
65746333	65746471
65748354	65748532
65750021	65750171
65752834	65753012
65753212	65753353
65754259	65754464
65757421	65757562
65761178	65761383
65762074	65762152
65764052	65764174
65767042	65767322
65768956	65769248
65769999	65770133
65770592	65770757
65771492	65771613
65771815	65771907
66133474	66133532
66133585	66133854
66134673	66136777
66205582	66205753
66214722	66214759
66217338	66217422
66218241	66218341
66219000	66219131
66220757	66220951
66221126	66221279
66223563	66223682
66224348	66224443
66224578	66224684
66225074	66225146
66225822	66225991
66226516	66226668
66228462	66228590
66231442	66231655
66232380	66232573
66234260	66234368
66234731	66234829
66235504	66235647
66236067	66236164
66237770	66237967
66503949	66504042
66504142	66504225
66504794	66504932
66505797	66505917
66568010	66568038
66568599	66568693
66569420	66569549
66570403	66570536
66571181	66571249
66572259	66572392
66572727	66572848
66749131	66749250
66749509	66749528
66749654	66749724
66751215	66751294
66752206	66752332
66753044	66753148
66755608	66755654
66756742	66756859
66757174	66757416
66760463	66760488
66764024	66764188
66767990	66768073
66794978	66795024
66799404	66799450
66804304	66804433
66818394	66818485
66822564	66822664
66823079	66823160
66823312	66823353
66824341	66824484
66824705	66824788
66899877	66900018
66903326	66903370
66932153	66932249
66935555	66935684
66939117	66939180
66958719	66958813
66963921	66963957
66966596	66966627
66970606	66970663
66986148	66986214
67005324	67005518
67007073	67007117
67009061	67009110
67012043	67012190
67031081	67031199
67033228	67033344
67041275	67041346
67042713	67042734
67044753	67044780
67048468	67048546
67075493	67075543
67078872	67078951
67082765	67082876
67085005	67085077
67090797	67090944
67100922	67101052
67107303	67107407
67111357	67111465
67120516	67120693
67125838	67126050
67132434	67132574
67197587	67198013
67199286	67199421
67203964	67204093
67204345	67204446
67207020	67207178
67207521	67207714
67208257	67208350
67209194	67209300
67210364	67211699
67214410	67214475
67273743	67273860
67278911	67278921
67292343	67292423
67295322	67295417
67308093	67308387
67317534	67317747
67324601	67325196
67327066	67327151
67327358	67327735
67356269	67356340
67356497	67356571
67358768	67358934
67359523	67359623
67360274	67360374
67362342	67362521
67362868	67363023
67363152	67363283
67363551	67363619
67363972	67364081
67364902	67365128
67366580	67366701
67366790	67366942
67368176	67368312
67368760	67368904
67369290	67369409
67369643	67369753
67371013	67371135
67372382	67372514
67373482	67373600
67374724	67374936
67385558	67385649
67388171	67388267
67391110	67391130
67420788	67420796
