68637	68767
70318	70406
70451	70558
70972	71057
140158	140558
148434	149736
152263	152809
154026	154115
157985	158010
158249	158351
160594	160667
162078	162277
163187	163295
163561	163591
163785	163993
164350	166510
177629	177637
187153	187201
188767	188886
198888	199051
199261	199345
200049	200128
203517	203901
204286	204393
205438	205614
206429	206602
213574	213843
222191	222370
225978	226076
227858	228019
230255	230424
237106	237205
241618	241813
242653	243052
244905	245088
249631	249806
322057	322119
324124	324318
324991	325193
329205	329368
329986	330172
334502	334633
335765	335943
338253	338401
338512	338728
345460	345661
347041	347208
347970	348084
348320	348467
350988	351052
351215	351347
353325	353446
355684	355866
357872	358023
360985	361172
363320	363426
365008	365160
365770	365979
366929	367087
369045	369210
371938	372060
372768	372904
373690	373798
376198	376276
376686	376834
378450	381533
381617	382539
460010	460611
464170	464308
464835	464984
467720	467785
468231	468289
469102	469219
470364	470450
470670	470819
471101	471222
471848	472091
472523	472699
474287	474430
475188	475443
475899	476113
477425	477589
477985	478164
478943	479053
480331	480533
480934	481133
484455	484561
485234	485286
486229	486332
486905	487034
487273	487333
488003	488060
488739	488958
490934	491142
492314	493867
494458	494606
494893	495099
495746	496192
496837	497025
498774	498893
499948	500052
502010	505496
509436	509929
510262	510462
512277	512341
512660	512820
513562	513611
515258	515441
516881	517047
518930	519042
519588	519691
520237	520374
522200	522364
522533	522668
524221	524487
526650	526828
528644	528820
530197	530268
530428	530512
532206	532372
532767	532931
533177	533327
535354	535361
545946	546004
549739	549811
551119	551279
552952	553067
555029	555099
555845	556000
558612	558712
558811	558919
559423	559518
559546	559604
560854	560969
564457	564596
567303	567422
568283	568318
568491	568595
568906	569043
570122	570240
571293	571323
635631	635754
639150	639283
736843	736934
742599	742802
743875	744036
744160	744833
1133747	1133932
1134101	1134309
1134867	1134944
1135063	1136559
1152275	1152589
1155492	1155636
1155774	1155903
1156508	1156631
1157244	1157331
1159384	1159475
1160068	1160172
1160914	1161049
1161534	1161625
1162697	1162848
1162934	1163010
1163393	1163478
1164005	1164115
1164356	1164470
1164731	1164830
1165736	1165933
1166201	1166247
1166948	1167057
1168568	1168630
1169533	1169663
1169683	1169779
1192259	1200400
1226063	1226189
1227216	1227249
1240432	1240492
1252217	1252307
1254795	1254933
1256787	1256911
1258075	1258212
1260257	1260299
1262342	1262466
1263579	1263813
1264999	1265094
1266346	1266520
1267365	1267431
1268890	1268974
1270440	1270568
1271193	1271265
1272657	1272728
1273363	1273451
1274091	1274250
1274534	1274667
1276820	1276960
1278668	1278788
1279735	1279839
1280058	1280154
1280521	1280593
1281252	1281347
1282229	1282327
1282723	1282804
1284676	1284882
1290138	1290213
1291490	1291657
1292704	1293039
1315069	1315175
1315694	1315856
1344857	1346452
1347969	1349028
1420897	1421451
1428518	1428685
1432914	1433038
1442274	1443204
1506190	1506277
1506396	1506466
1506472	1506543
1506972	1507059
1507178	1507297
1508541	1508634
1509797	1509962
1524605	1524703
1525333	1525429
1527085	1527149
1527951	1528087
1533662	1533746
1644697	1644703
1645980	1646107
1651896	1652040
1653323	1653612
1654917	1655104
1655862	1656088
1676807	1676862
1678510	1678804
1680592	1680630
1686175	1686250
1687011	1687162
1687738	1687903
1688243	1688334
1688453	1688530
1689268	1689431
1690122	1690182
1690992	1691198
1691458	1691598
1692460	1692620
1693415	1693470
1693815	1693914
1696482	1696558
1698022	1698137
1737141	1737512
1738306	1739493
1749468	1749537
1749564	1749583
1749604	1750201
1750228	1750721
1750742	1751074
1755173	1755242
1756429	1756486
1756940	1756989
1757567	1757624
1758160	1758243
1758550	1758681
1759484	1759596
1760097	1760133
1760670	1760756
1762031	1762126
1762398	1762553
1762922	1763011
1763216	1763432
1763456	1764416
1765784	1765797
1766457	1766544
1766799	1766928
1767793	1767868
1767956	1768027
1768366	1768492
1769031	1769117
1769406	1769474
1770203	1770357
1771381	1771453
1772614	1772722
1773218	1773363
1773941	1774258
1777292	1777565
1780789	1780916
1782012	1782083
1782461	1782553
1784159	1784379
1784528	1784684
1785413	1785679
1786882	1787265
1788748	1788887
1789164	1789263
1789822	1789935
1790442	1790558
1790701	1790847
1792814	1793537
2859582	2859806
2861288	2861446
2863907	2863969
2866531	2867382
2867552	2867869
2868861	2868980
2869126	2869251
2869873	2870103
2870250	2870357
2870597	2870764
2871773	2872024
2872156	2872221
2872596	2872666
2872909	2873800
2904754	2904865
2905341	2905444
2905727	2905799
2906575	2906650
2907533	2907647
2910791	2910928
2911164	2911334
2912128	2912261
2912484	2912616
2913043	2913099
2913353	2913433
2913950	2914058
2914199	2914267
2915517	2915693
2916398	2916472
2918589	2918593
2947744	2947840
2949220	2949323
2950984	2951127
2951206	2951480
2952830	2952926
2953789	2953812
2955258	2955350
2956020	2956083
2956185	2956283
2957225	2957328
2958193	2958249
2960169	2960234
2961318	2961467
2962082	2962234
2962860	2963039
2963124	2963183
2965464	2965551
2966361	2966478
2967472	2967595
2967925	2968061
2968467	2968722
2969234	2969283
2972904	2973110
2975704	2975941
2977292	2977478
2977916	2978040
2978310	2978438
2978618	2978839
2978917	2979120
2979219	2979344
2979453	2979623
2979890	2979994
2980352	2980798
3549535	3549641
3550172	3550370
3552152	3552352
3582388	3582494
3589330	3589355
3590587	3590681
4298775	4298949
4301081	4301142
4302111	4302281
4361301	4361609
4361681	4361786
4362607	4362932
4393621	4393696
4394350	4394420
4396311	4396456
4398390	4398493
4398768	4398892
4400619	4400744
4401094	4401169
4401549	4401678
4402419	4402587
4403145	4403666
4411354	4411419
4413104	4413271
4413985	4414070
4414445	4415399
4418343	4418390
4418818	4418985
4419577	4419662
4419918	4420308
4424992	4425123
4425518	4425610
4425770	4425847
4427428	4427532
4428383	4428444
4429097	4429166
4429762	4429821
4431717	4431829
4431994	4432090
4433158	4433316
4435282	4435492
4437897	4438021
4438494	4438548
4443842	4443937
4444296	4444390
4444962	4445039
4446142	4446271
4446970	4447051
4447649	4447720
4449763	4449874
4452257	4453634
4453662	4453980
4812360	4812531
4818876	4818970
4821053	4821154
5502120	5502245
5502777	5502835
5505528	5505623
5508028	5508103
5509042	5509139
5513465	5513580
5516824	5516945
5517623	5517745
5519156	5519343
5519966	5520110
5521145	5521288
5522299	5522484
5523959	5524027
5524674	5524788
5525477	5525604
5526674	5526768
5527491	5527640
5527777	5529180
5553180	5553210
5554116	5554268
5554571	5554664
5555110	5555157
5560377	5560461
5561502	5561585
5561756	5561778
5562821	5562893
5563889	5563990
5564663	5564781
5565554	5565639
5566670	5566790
5567165	5567333
5567747	5567869
5568712	5568813
5569041	5569228
5569487	5569687
5570033	5570152
5570431	5570611
5570874	5570951
5571399	5571502
5571726	5571991
5572245	5572402
5572883	5572979
5573793	5574017
5574817	5574965
5577200	5577310
5577561	5577672
5578197	5578285
5578880	5579067
5579736	5580331
5632021	5634078
5634421	5634516
5635323	5635737
5636616	5636912
5637521	5637620
5637742	5637905
5637988	5638081
5638246	5638315
5638405	5638497
5638992	5639130
5639274	5639403
5639645	5639793
5639959	5640045
5640972	5641124
5641397	5641508
5641600	5641703
5641815	5642379
5721270	5721399
5721478	5721680
5722626	5722721
5723373	5723548
5724385	5724460
5724842	5724976
5727002	5727178
5727526	5727644
5728004	5728109
5730465	5730556
5730684	5730798
5731118	5731312
5731829	5731915
5732400	5732495
5733619	5733694
5734591	5734720
5736361	5736445
5738819	5739183
5756889	5757407
5757522	5757570
5759228	5759421
5761883	5762402
5762469	5764286
5788599	5788800
5789383	5789482
5793215	5793313
5794066	5794169
5795210	5795449
5795717	5795872
5796294	5796374
5797551	5797759
5863871	5864013
5864886	5864938
5865167	5865350
5866550	5869043
5901643	5901889
5902873	5903241
5903659	5903829
5904476	5904598
5904692	5904814
5904950	5905072
5905522	5905935
5906272	5906424
5907091	5907285
5907430	5907497
5909878	5910132
5914349	5914463
5914623	5914778
5914930	5915096
5931383	5932522
5937107	5937415
5937427	5937468
5992510	5992669
5992914	5993058
5993671	5993797
5995042	5995140
6108342	6108458
6109094	6109195
6109447	6109586
6111442	6117786
6117820	6118657
6182049	6182170
6182284	6182427
6183212	6183327
6184862	6184986
6187176	6187277
6187962	6188029
6188428	6188557
6188943	6189041
6228233	6228333
6228372	6228426
6228903	6229096
6229851	6229930
6230620	6230757
6231588	6231757
6232461	6232551
6232945	6233122
6233906	6234133
6234849	6235782
6312530	6312555
6314482	6315020
6315985	6316052
6319957	6320079
6348440	6348622
6350373	6350489
6352276	6352389
6353137	6355806
6457519	6458914
6459935	6460057
6460573	6460708
6461378	6461555
6692517	6692570
6693362	6693493
6694139	6694276
6697339	6697402
6714030	6714197
6714509	6714742
6715298	6715416
6715891	6716039
6717506	6717634
6718498	6718601
6719066	6719311
6720227	6720532
6721191	6721348
6721554	6721687
6723406	6723792
6727511	6727517
6729422	6729595
6730232	6730414
6734080	6734198
6734449	6734574
6734718	6734898
6735140	6735275
6735649	6735752
6735846	6736088
6736743	6737060
6738024	6738187
6738891	6739015
6740030	6740111
6741695	6741843
6741984	6742030
6745371	6745544
6745876	6746115
6746630	6746748
6747911	6748039
6749205	6749350
6751325	6751428
6752200	6752442
6752975	6753301
6754288	6754445
6756046	6756179
6756505	6756586
6761578	6761668
6762874	6763059
6763715	6763945
6764524	6764642
6765619	6765741
6766098	6766272
6766702	6766840
6767225	6767328
6767674	6767916
6768751	6769065
6769505	6769665
6769908	6770041
6770952	6771198
6789360	6789533
6791892	6791951
6792583	6792733
6793100	6793146
6793304	6793390
6794191	6794251
6794333	6794506
6794809	6794959
6795103	6795202
6795311	6795452
6795528	6795681
6795796	6795877
6795953	6796130
6796274	6796380
6796523	6796628
6796730	6796824
6796923	6797049
6797270	6797354
6797546	6797620
6798643	6798778
6800475	6800681
6805343	6805469
6805604	6805644
6806148	6806220
6806555	6806605
6807579	6807760
6808556	6808655
6808836	6808987
6811174	6811252
6811852	6811890
6815171	6815221
6815545	6815667
6816291	6816425
6816847	6816951
6817031	6817139
6817772	6817908
6818228	6818391
6818474	6818586
6818890	6818997
6819311	6819367
6819711	6819784
6820314	6820511
6823197	6823269
6823435	6823603
6823893	6823976
6824306	6824481
6825179	6825308
6825452	6825570
6897665	6897848
6897869	6897940
6907075	6907242
6908186	6908373
6909216	6909469
6916348	6916484
6923609	6923862
6923914	6924103
6930930	6931181
6932406	6932489
6932527	6933065
6977642	6977656
6979668	6979854
6980347	6980454
6984036	6984110
6984366	6984432
6987826	6988185
6988437	6988528
6988627	6988753
6990726	6990925
6992861	6993184
6993599	6994672
6994694	6995155
7044508	7044651
7044997	7045270
7045651	7045728
7045954	7046283
7046427	7046558
7046641	7046799
7046904	7047165
7047256	7047433
7047514	7047626
7047804	7047822
7048028	7048144
7048230	7048306
7048383	7048543
7048667	7048896
7048973	7049081
7049165	7049259
7049381	7049920
7049991	7050610
7050938	7051071
7051516	7051619
7051744	7051821
7052011	7052094
7052256	7052321
7052475	7052556
7052909	7053653
7055314	7055331
7056462	7056944
7074204	7074436
7075215	7075330
7075516	7075615
7075691	7075819
7075956	7076111
7076255	7076318
7076485	7076548
7076664	7076755
7076890	7077066
7077216	7077275
7077368	7077529
7077702	7077769
7077845	7077887
7078040	7078103
7078189	7078265
7078360	7078690
7090977	7091160
7093448	7093673
7093924	7094081
7094369	7094560
7094659	7094777
7099290	7099391
7100129	7100180
7100278	7100421
7100508	7100622
7100699	7100835
7100914	7101136
7120956	7121061
7121252	7121487
7152885	7152956
7156438	7156626
7158786	7158892
7159755	7159854
7165804	7165897
7166617	7166708
7169290	7169362
7169635	7169693
7170361	7170509
7175063	7175244
7183464	7183561
7184605	7184685
7190188	7190325
7190917	7190989
7196034	7196282
7234592	7234785
7236269	7236398
7237435	7237568
7243546	7243658
7245480	7245606
7246667	7246842
7256055	7256240
7256857	7259322
7315961	7316234
7316366	7316469
7316933	7316967
7317668	7317768
7317904	7318114
7318846	7318966
7319270	7319431
7319757	7319854
7319965	7320020
7320136	7320266
7321101	7321250
7321651	7321791
7321915	7322942
7358493	7358654
7359665	7359737
7360556	7360672
7360878	7360971
7361241	7361348
7361480	7361617
7362022	7362067
7362318	7362378
7362620	7362711
7362832	7363008
7363355	7363684
7364232	7364299
7364591	7364636
7364905	7364968
7365066	7365142
7365424	7365749
7450244	7450407
7450493	7450595
7451579	7451758
7452125	7452181
7452262	7452299
7452861	7452951
7453075	7453124
7453603	7453651
7454151	7454568
7529935	7530169
7530215	7530486
7531156	7531347
7531435	7531557
7531817	7532018
7534797	7534996
7579782	7579793
7579833	7579942
7581376	7581738
7582538	7586262
7638342	7638356
7638455	7638530
7638640	7638714
7639013	7639093
7639402	7640287
7656566	7656790
7656953	7657165
7659835	7659915
7661406	7661661
7661855	7661931
7662150	7662255
7662546	7662647
7662729	7663124
7663237	7663355
7663460	7663600
7873493	7873525
7873827	7873979
7874518	7874600
7875176	7875352
7876133	7876186
7878020	7878178
7878297	7879375
7885287	7885437
7885458	7885826
7885855	7887674
7887699	7888627
7889537	7889685
7889842	7889971
7891449	7891548
7892509	7892615
7892973	7893158
7893774	7893875
7894849	7894959
7895941	7896170
7897012	7897114
7897829	7897968
7898652	7898732
7899279	7899356
7900128	7901227
7982223	7982487
7982529	7982888
7983098	7983204
7983567	7983917
7984099	7984192
7984608	7984629
7985009	7985048
7985708	7985962
8002093	8002102
8003328	8004040
8096578	8096712
8097359	8097451
8098916	8099114
8099474	8099567
8100490	8100571
8101154	8101214
8101450	8101525
8101695	8101779
8104401	8104554
8104891	8104929
8105575	8105653
8106305	8106402
8106949	8107004
8110452	8110533
8113753	8113885
8114210	8114323
8115676	8115716
8116495	8116580
8117368	8117445
8118140	8118217
8119381	8119524
8120267	8120332
8121862	8121872
8121883	8121985
8123153	8123306
8124889	8125043
8127065	8127160
8128261	8128468
8129652	8129789
8130478	8130594
8132280	8132522
8133930	8134100
8134968	8135153
8135645	8135748
8140144	8140482
8140492	8140584
8141432	8141525
8141613	8141761
8146644	8147109
8149173	8149367
8151274	8151545
8175712	8176358
8177021	8177154
8177864	8178022
8179024	8179155
8179931	8180342
8180783	8180921
8182928	8183240
8185257	8185508
8187139	8187283
8187779	8187845
8187932	8188016
8188175	8188587
8188810	8189905
8276785	8276941
8276953	8277092
8278178	8278326
8279143	8279202
8284683	8284784
8290285	8290333
8290547	8292284
8295499	8295658
8298457	8298541
8300397	8300437
8312426	8312603
8314302	8314320
8314332	8314438
8316649	8316862
8317908	8318079
8318798	8325632
8419503	8419765
8420753	8420921
8422021	8422139
8422616	8422694
8423340	8423516
8424326	8424481
8425104	8425198
8425901	8426057
8426268	8426430
8429285	8429403
8430033	8430251
8431604	8431726
8432583	8432708
8436521	8436697
8437474	8437607
8438083	8438174
8440172	8440286
8442279	8442405
8443132	8443281
8449125	8449178
8449271	8449405
8449642	8449704
8449796	8449948
8497651	8497656
8498128	8498190
8498807	8498912
8499975	8500065
8505030	8505163
8506561	8506615
8507347	8507449
8507790	8507936
8509782	8509853
8510412	8510710
8619875	8620096
8620412	8620642
8628631	8628976
8629313	8632398
8670169	8670201
8672345	8672512
8674141	8674378
8674469	8674528
8674720	8675070
8675744	8675819
8676248	8676334
8677051	8678143
8678166	8678966
8763127	8763237
8770259	8770313
8772154	8772184
8775338	8775400
8776079	8776326
8777127	8777999
8778640	8778774
8780127	8780217
8780694	8780807
8782270	8782484
8784997	8785202
8786195	8786464
8787196	8787350
8789228	8789290
8789541	8789609
8794082	8794144
8794724	8794807
8798881	8799102
8799855	8799938
8800812	8801158
8802781	8805623
8816698	8816878
8819174	8819502
8820707	8820809
8822566	8822737
8823593	8823716
8825239	8829539
8829851	8830331
8830354	8830804
8830866	8832259
8840572	8840643
8848022	8848093
8848337	8848408
8850751	8850822
8852343	8852414
8854550	8854719
8857053	8857170
8858681	8858850
8859301	8859573
8859726	8859992
8863961	8864073
8864673	8864829
8866376	8866484
8867241	8867398
8868666	8870169
8870634	8870768
8871344	8871552
8872357	8872471
8872792	8872888
8873293	8873414
8874694	8875180
8878115	8878638
8881445	8881566
8882427	8882593
8883457	8883595
8884080	8884238
8885129	8885310
8885458	8885614
8885923	8886527
8909250	8909429
8910399	8910695
8914816	8914936
8916351	8916607
8917491	8917725
8918717	8918844
8953765	8953855
8954696	8954822
8956581	8956756
8957611	8957736
8959906	8960016
8960900	8960995
8961678	8961772
8965055	8965084
8968947	8969015
8970853	8970882
8976336	8976389
8983502	8983725
8984526	8984634
8985164	8985295
8993810	8993933
8994646	9005154
9043047	9043073
9044949	9045096
9046621	9046772
9050249	9050293
9050384	9050493
9059383	9060763
9065894	9066487
9204718	9204777
9207650	9207787
9208232	9208312
9217512	9217709
9225520	9225580
9228614	9228654
9231910	9231975
9232434	9233719
9252663	9252778
9253166	9253190
9254657	9254736
9258558	9260084
9265980	9267497
9624914	9624944
9628121	9628252
9629616	9630066
9630912	9631071
9631501	9631617
9631839	9631943
9632390	9632525
9632663	9633209
9634034	9634187
9635170	9635259
9635885	9636080
9641327	9644691
9648432	9649409
9650112	9650298
9650855	9651014
9651729	9651969
9652374	9652515
9653182	9655475
10030503	10030626
10032664	10032830
10038154	10038279
10039176	10039263
10039734	10039858
10041695	10041838
10095083	10095717
10097027	10097069
10097474	10097569
10097890	10098002
10099478	10099550
10100781	10100935
10101405	10101493
10102400	10102563
10103581	10104060
10104332	10104599
10104973	10105081
10107012	10107073
10107399	10107519
10108667	10108796
10108820	10109391
10122070	10122134
10129543	10129614
10129810	10129902
10130653	10130730
10132168	10132276
10132784	10132949
10133662	10133765
10134136	10134242
10135527	10135731
10136147	10136248
10136266	10136406
10138484	10138501
10212818	10213007
10216263	10216456
10217383	10217517
10217951	10218100
10222783	10222879
10224188	10224306
10225092	10225182
10225304	10225695
10225847	10225906
10226854	10226926
10227365	10227568
10227854	10228111
10228219	10228353
10230335	10230520
10230754	10231029
10231435	10231487
10231897	10232002
10233051	10233154
10233288	10233467
10235076	10235201
10235297	10235389
10235487	10235756
10236147	10236263
10237876	10238094
10238134	10238240
10238933	10238993
10239631	10239791
10240295	10240403
10241004	10241101
10241616	10241817
10242219	10242395
10243877	10243961
10244130	10244555
10244660	10244864
10245007	10245151
10245649	10245789
10246143	10246304
10246469	10246570
10246656	10246739
10247386	10247616
10248059	10248172
10248444	10248571
10248781	10248861
10249236	10249450
10250099	10250199
10251072	10251199
10252050	10252410
10252500	10252610
10253459	10253570
10254089	10254259
10255071	10255267
10255353	10255469
10255546	10255700
10255908	10256049
10256273	10256375
10256454	10256567
10256684	10256863
10257237	10257379
10257565	10257741
10257975	10258111
10258191	10258344
10258427	10258560
10258883	10259003
10259502	10259630
10259832	10259983
10260369	10260501
10260768	10260908
10261093	10261223
10261306	10261473
10261566	10261698
10261815	10261972
10262089	10262275
10262498	10262650
10262767	10263144
10263243	10263333
10264036	10264155
10264281	10264435
10327785	10327949
10328803	10329678
10365609	10365735
10366556	10366680
10367986	10368108
10368455	10368574
10369121	10369183
10369442	10369687
10398251	10399337
10416520	10416686
10417429	10417548
10419329	10419448
10420178	10420300
10420750	10420839
10421886	10422140
10422344	10422488
10423017	10423131
10423735	10423904
10424507	10424637
10425280	10425409
10426801	10426838
10426920	10427039
10430660	10430823
10434282	10434318
10434988	10434993
11260922	11260998
11263578	11263607
11267322	11267462
11267706	11267825
11269106	11269189
11269752	11269776
11271498	11271583
11272410	11272498
11273028	11273062
11273659	11273801
11273880	11273932
11274093	11274138
11274319	11274414
11274779	11274839
11275394	11275542
11276331	11276405
11276858	11277016
11277713	11277773
11278358	11278476
11279784	11279910
11280221	11280318
11280549	11280667
11281373	11281430
11282083	11282138
11282633	11282681
11282797	11282977
11283355	11283425
11283795	11283974
11284693	11284876
11285285	11285526
11285641	11285811
11285934	11286098
11286465	11286555
11287065	11287226
11287534	11287613
11287845	11287939
11288021	11288120
11288550	11288608
11288920	11288998
11289405	11289461
11289802	11290990
11291119	11291215
11291238	11291807
11292215	11293195
11515120	11515295
11515642	11515731
11516099	11516169
11516923	11517025
11517710	11517817
11518871	11518992
11522870	11525025
11536153	11536267
11537862	11538041
11538626	11538776
11538974	11539136
11539600	11539684
11542893	11543068
11822051	11822059
11822088	11822819
11825200	11825964
11888340	11888505
11891770	11891902
11892232	11892338
11892937	11893079
11893582	11893728
11895310	11895417
11896549	11896614
11897196	11897354
11897815	11898008
11898336	11898769
11899459	11899691
11900243	11900335
11900820	11901005
11901282	11901443
11902036	11902136
11903214	11903334
11903843	11903977
11904631	11904772
11905444	11905598
12183129	12183361
12189147	12189200
12189288	12189986
12241261	12241300
12245246	12245431
12245474	12245620
12247450	12247487
12249101	12249229
12250235	12250487
12252081	12252311
12252935	12253095
12254709	12254748
12256023	12256142
12256835	12256995
12257768	12257888
12258995	12259165
12261967	12261989
12418429	12418475
12420244	12420392
12421597	12421794
12423331	12423407
12424047	12424157
12424646	12424795
12693821	12694135
12695397	12696427
12696816	12696911
12697650	12698292
12698353	12699420
12741176	12741229
12741877	12742156
12742685	12742760
12743360	12743551
12743766	12743904
12744242	12744390
12744863	12745037
12745334	12746028
12809714	12809725
12809840	12809944
12810835	12810921
12811838	12812011
12814178	12814326
12816068	12816227
12819602	12819619
12819713	12819875
12822443	12822554
12826915	12827005
12827833	12828006
12828330	12828428
12829521	12829692
12833420	12833523
12834209	12834292
12834926	12835030
12850493	12850609
12853922	12854113
13024547	13024654
13025776	13025867
13026888	13026999
13028611	13028756
13030847	13031013
13031189	13031267
13032343	13032537
13033499	13033610
13034969	13036078
13060468	13060578
13060627	13060708
13063939	13063997
13066007	13066066
13068289	13068471
13073343	13073492
13074017	13074061
13076715	13076855
13079173	13079208
13079834	13080034
13084007	13084174
13086769	13086834
13090320	13090568
13094163	13094237
13213845	13215694
13217782	13217907
13218723	13220306
13223510	13223602
13224852	13226910
13679593	13679666
13679678	13679907
13681439	13681588
13681877	13681939
13684904	13685265
13789780	13790610
13790854	13792147
13792742	13793049
13794130	13795929
13795950	13796300
13813086	13813253
13813563	13813676
13815118	13815226
13820270	13820328
13821217	13821268
13821818	13821912
13822237	13822317
13822508	13822583
13824603	13824679
13825282	13825442
13826120	13826262
13826987	13827099
13829052	13829261
13834258	13834419
13837853	13837945
13838875	13838958
13840083	13840253
13841972	13842070
13842325	13842414
13843283	13843427
13843911	13843975
13844727	13844882
13845219	13845283
13846015	13846123
13847355	13847412
13849264	13849467
13850607	13852268
14040899	14041657
14042140	14042910
14057233	14057266
14057666	14057742
14057853	14057878
14058172	14058267
14058748	14058816
14059102	14059216
14061307	14061411
14071052	14071234
14071942	14072081
14074325	14074445
14076609	14076697
14080447	14080600
14081858	14081903
14083080	14083386
14086806	14086918
14087740	14087832
14089660	14089867
14090108	14092785
14160566	14160666
14161740	14161802
14163611	14163749
14167253	14167366
14167401	14167550
14168004	14168067
14168500	14168714
14169273	14169398
14169942	14170091
14173480	14173565
14174084	14174213
14174224	14174299
14174391	14174797
14175861	14175998
14176475	14176611
14176881	14177013
14177457	14177597
14178640	14178796
14178989	14179233
14180987	14181082
14181342	14181432
14182206	14182303
14344368	14344446
14344482	14344601
14350241	14350332
14351767	14351911
14352557	14352769
14353517	14353638
14363785	14363872
14365239	14365387
14367614	14367739
14368027	14368501
14428474	14428899
14430253	14434038
14518507	14518561
14518642	14518776
14521290	14521403
14522217	14522341
14522750	14522866
14523579	14523766
14524010	14524132
14524861	14524950
14526074	14527313
14527343	14529023
14817077	14817085
14817274	14817345
14821480	14821602
14826751	14826855
14829695	14829796
14836451	14836612
14837018	14837151
14840468	14840583
14841539	14841688
14842704	14842851
14845793	14845893
14846330	14846427
14847108	14847157
14848607	14848682
14850952	14851024
14852292	14852434
14854145	14854237
14856314	14856462
14857383	14857468
14858997	14859133
14859552	14859723
14860961	14861148
14861897	14862058
14862632	14862842
14864020	14864281
14865863	14866069
14866133	14866161
14868961	14869007
14869619	14869709
14871366	14871494
14872197	14872238
14873769	14873986
14875013	14875112
14875749	14875892
14876503	14876617
14877036	14877102
14877586	14877773
14878419	14878521
14879056	14879091
14881702	14881823
14881960	14882140
14882391	14882484
14882922	14883004
14883260	14883373
14883703	14883841
14883859	14883995
14970346	14970606
14976039	14976278
14978818	14978969
14982232	14982401
14986692	14986842
14988756	14988931
14991263	14991391
14992319	14992375
14993075	14993204
14999108	14999309
15004705	15004948
15006746	15006842
15008530	15008624
15010674	15010733
15011157	15011326
15011893	15012035
15012261	15012384
15014348	15016035
