188383	193497
201312	201455
949146	949172
949611	949704
950014	950138
957669	957741
958145	958221
960751	960873
961586	961681
966774	967070
983996	984086
984285	984701
990071	990276
994371	994518
994749	995162
1001595	1001743
1580811	1580822
1580942	1580987
1581213	1581344
1582813	1582956
1583040	1583142
1583354	1583456
1583870	1583943
1584347	1584407
1585728	1586024
1594061	1594202
1595072	1595184
1596851	1597065
1597895	1597978
1598146	1599575
1606485	1606765
1609155	1609269
1612765	1612923
1615474	1615545
1616102	1616107
1616565	1616669
1617297	1617432
1617924	1618015
1618957	1619108
1622189	1622267
1625846	1625956
1627098	1627212
1627315	1627414
1628228	1628404
1629734	1629869
1632483	1632594
1632730	1632896
1637416	1637478
1640749	1644780
1816474	1816562
1817061	1817160
1819630	1819682
1820315	1820446
1821434	1821491
1828419	1828533
1829019	1829155
1838395	1838562
1838571	1838653
1839334	1839427
1839548	1839748
1840243	1840485
1841298	1841818
1862629	1862790
1863723	1863805
1864752	1864876
1865670	1865773
1865959	1866113
1867212	1867340
1868046	1868183
1869239	1869361
1870431	1872234
1874600	1874677
1878557	1880119
2329149	2329381
2329925	2330051
2331048	2331248
2331610	2331825
2331840	2332025
2338931	2339062
2346122	2346325
2347163	2347374
2349008	2349130
2543167	2543610
2559061	2559130
2560862	2560961
2562974	2563111
2564052	2564095
2565910	2566015
2566442	2566514
2566672	2566754
2568167	2569611
2581287	2581440
2582026	2582184
2583510	2583574
2593975	2594016
2595354	2595413
2595447	2595548
2595620	2595733
2596199	2596273
2597003	2597116
2597400	2597510
2597595	2597689
2598396	2598474
2601138	2601261
2601504	2601520
2602442	2603104
2670199	2670311
2670424	2670562
2682898	2683069
2685347	2685465
2685884	2685991
2686529	2686642
2688729	2688905
2689885	2690020
2691099	2691304
2691973	2692122
2694230	2694351
2694548	2705229
2745333	2745538
2747250	2747296
2748057	2748893
2750460	2750683
2776503	2779823
2781958	2782017
2782589	2782771
2902743	2902946
2903643	2903842
2904701	2904815
2906265	2906407
2907554	2907702
2908218	2908333
3168029	3168209
3169211	3169380
3169541	3169727
3170865	3171127
3171154	3172747
3176790	3176923
3177315	3177387
3177732	3177823
3177950	3178032
3178372	3178510
3178834	3178898
3180307	3180414
3180613	3180682
3181173	3181337
3181449	3181559
3181956	3182046
3182352	3182407
3182728	3183018
3185915	3186768
3186799	3186919
3187104	3187251
3187449	3187534
3188303	3188398
3188485	3188742
3192077	3192269
3192697	3192726
3196184	3196277
3197174	3197344
3198109	3198210
3198595	3198709
3199276	3199392
3199671	3199858
3200364	3200475
3200633	3200742
3201664	3201799
3202288	3202398
3203016	3203178
3203332	3203567
3203758	3203871
3204167	3204237
3204576	3204696
3205413	3205520
3207968	3208381
3212709	3212947
3214058	3214189
3214718	3214791
3215313	3215446
3215878	3215955
3216561	3216663
3217201	3217760
3218522	3218588
3218691	3219085
3255549	3255645
3256910	3257769
3265364	3265600
3266961	3267258
3272553	3272677
3274845	3274998
3276420	3276509
3278064	3278218
3278529	3278663
3281466	3281519
3281607	3281810
3283003	3283107
3283213	3283436
3283510	3283674
3284434	3284548
3406498	3406687
3408136	3408285
3408987	3409175
3409764	3409912
3417400	3417489
3419432	3419526
3420400	3420539
3421796	3421980
3422235	3422301
3423381	3423539
3424093	3424206
3424353	3424481
3425456	3425560
3425659	3425817
3425953	3426075
3426384	3426811
3427451	3427530
3428200	3428291
3428701	3428883
3436219	3436287
3436878	3437449
3438086	3439523
3697522	3697539
3697584	3697807
3698335	3698377
3707312	3707662
3715847	3716093
3717103	3717539
3719374	3719889
3882003	3882321
3882397	3882520
3882595	3882772
3883390	3883602
3883778	3883937
3885962	3886108
3886297	3886655
3889891	3889966
3890685	3890733
3891229	3891333
3892563	3892601
3894599	3894790
3895144	3895281
3903027	3903239
3903955	3904122
3904485	3904565
3905122	3905225
3905933	3906061
3906583	3906652
3907188	3907327
3907881	3907944
3908234	3908281
3909500	3909871
3914109	3914240
3917293	3917405
3919297	3919416
3920363	3920448
3920900	3921043
3922163	3922390
3923215	3923267
3926097	3926212
3929210	3929354
3930014	3930133
3930406	3930490
3931148	3932938
3996042	3996146
3996399	3996581
3997026	3998608
4038167	4038526
4042577	4042907
4044063	4044730
4144168	4144308
4144852	4145312
4145599	4145766
4146325	4146414
4146625	4146697
4146953	4147061
4147601	4148154
4148610	4148801
4149222	4149409
4149802	4150004
4150170	4150234
4150617	4150822
4151402	4151562
4151649	4151875
4152069	4152183
4152873	4152947
4153255	4153349
4153904	4154068
4154153	4154274
4154893	4155020
4155296	4155398
4155483	4155565
4155755	4155916
4156102	4157405
4173595	4174404
4207036	4207158
4207715	4207785
4211748	4211910
4213520	4213569
4214402	4214636
4259782	4259923
4263718	4264370
4269305	4269578
4272123	4272224
4273074	4273171
4274318	4274405
4275435	4275527
4276096	4276228
4277089	4277317
4278036	4278159
4278686	4278818
4279647	4279795
4280098	4280249
4280424	4280562
4280860	4281019
4282917	4283059
4284030	4284152
4284809	4284899
4285247	4285349
4342684	4342753
4342779	4343071
4343166	4343467
4343586	4343672
4344966	4345162
4345436	4345520
4345817	4345934
4346152	4346200
4346281	4346402
4349006	4349093
4351112	4351158
4352145	4352168
4392096	4392519
4392761	4392852
4393046	4393186
4853482	4853503
4853544	4853713
4855557	4855713
4856305	4856496
4856907	4857025
4858654	4858860
4860101	4860317
4865553	4865709
4868511	4868700
4869455	4869540
4870423	4870610
4873115	4873309
4874668	4874784
4876212	4876325
4876477	4876572
4880847	4880971
4883288	4883362
4884292	4884388
4885928	4886032
4890154	4890272
4891725	4891794
4894973	4895182
4897917	4898094
4898690	4898835
4899772	4899852
4899940	4900053
4900860	4901048
4904559	4904744
4908836	4908996
4910361	4910616
4912873	4913223
4914070	4914377
4916875	4917007
4918224	4918433
4919134	4919310
4921324	4921503
4921776	4921807
4924317	4924605
4925651	4925724
4926931	4927042
4927461	4927640
4930146	4930288
4932024	4932173
4932789	4932876
4933635	4933773
4935690	4935914
4938349	4938373
4978133	4978208
4978825	4978958
4979417	4979450
4981177	4981253
4982569	4982647
4983574	4983647
4984584	4984749
4985859	4986109
4989687	4989759
4990483	4990556
5029207	5029270
5034311	5034390
5037058	5037129
5038900	5039013
5039896	5039991
5046451	5046609
5050600	5050707
5051420	5051479
5052047	5052883
5073856	5073862
5073953	5074128
5074903	5075239
5077171	5077307
5077502	5077765
5081134	5081359
5082419	5082521
5082612	5082743
5083169	5083307
5084207	5084374
5345414	5346281
5347415	5347515
5351027	5351265
5357724	5357910
5359364	5360312
5360895	5361099
5363660	5363959
5368478	5368622
5370054	5371036
5373257	5373426
5374724	5375052
5382213	5382522
5384057	5384201
5384507	5384622
5385633	5385929
5387164	5387344
5389496	5389622
5389721	5389798
5389833	5389862
5440968	5442105
5442297	5442394
5443030	5443134
5448197	5448262
5448312	5448534
5531808	5531906
5531982	5532155
5533102	5533187
5535390	5535521
5535924	5536089
5536211	5536377
5537649	5537943
5584227	5584288
5585433	5585522
5588532	5588609
5589964	5590107
5596687	5596853
5597454	5597566
5597659	5597765
5598113	5598232
5598338	5598463
5598675	5598802
5598885	5598978
5599364	5599518
5601009	5601285
5601956	5602084
5602315	5602392
5602493	5602654
5603200	5603304
5603997	5604092
5604417	5604542
5606449	5606601
5607081	5607235
5607579	5607705
5608138	5608321
5608935	5609004
5609406	5609550
5610064	5610242
5610412	5610550
5611064	5611257
5611402	5611564
5612047	5612117
5612173	5612314
5612962	5613060
5613221	5613373
5613472	5613560
5613949	5614084
5616719	5622028
5622519	5622668
5623007	5623222
5623304	5623453
5624694	5624921
5626205	5626348
5626434	5626667
5627190	5627405
5627879	5628394
5628669	5628845
5629269	5629392
5629689	5629897
5630642	5630959
5632139	5632305
5633358	5633514
5634130	5634247
5635496	5635558
5636271	5636386
5637244	5637373
5638143	5638342
5639283	5639778
5640361	5641832
5641881	5641960
5641966	5642119
5642471	5642611
5642703	5642811
5642839	5643062
5703530	5703593
5703661	5703833
5705309	5705426
5705975	5706169
5706727	5706806
5707110	5707382
5708991	5709140
5819488	5819737
5822715	5822838
5822987	5823065
5823293	5823465
5823580	5823670
5824116	5824237
5825059	5825142
5826321	5826404
5827339	5827451
5827981	5828124
5828278	5828476
5839616	5839867
5840082	5840182
5840569	5840646
5842890	5843033
5843122	5843207
5843700	5843805
5843897	5844068
5844895	5845070
5845258	5845381
5845484	5845566
5846038	5846181
5846544	5847921
5858182	5858286
5858601	5858765
5859105	5859215
5860071	5860091
5862984	5863053
5863734	5863840
5866503	5866559
5867161	5867279
5868070	5869276
5870067	5870181
5870513	5870668
5871034	5871131
5871788	5871968
5872748	5872859
5873109	5873260
5873781	5876447
5876489	5876629
5878045	5878088
5878192	5878269
5878402	5878506
5878803	5878911
5879048	5879149
5884360	5884471
5884695	5884768
5884874	5884975
5885093	5885269
5886706	5886945
5914614	5914951
5915409	5915613
5916089	5918293
6020970	6021156
6021750	6021811
6022817	6023153
6023304	6023383
6024925	6025078
6025653	6025764
6025915	6026009
6027622	6027780
6028212	6028290
6028541	6028664
6029203	6029237
6030332	6030417
6031269	6031333
6032822	6033295
6033336	6033659
6047496	6047766
6049356	6049424
6049512	6049683
6049775	6049834
6050347	6050492
6051098	6051194
6052611	6052746
6053458	6053546
6054234	6054297
6055156	6055250
6055701	6056108
6056131	6059154
6064024	6064110
6064922	6065161
6065656	6065829
6066259	6066430
6066955	6068983
6072008	6072102
6072227	6072311
6072836	6074225
6078639	6078728
6079457	6079579
6081645	6081851
6082058	6082170
6083015	6083215
6083663	6083884
6084424	6084525
6086441	6086507
6090538	6090809
6091752	6091935
6092401	6092595
6092772	6092858
6093484	6093525
6108628	6108666
6112994	6113103
6113442	6113508
6121473	6121582
6126161	6126286
6127078	6127184
6128317	6128498
6129224	6130944
6130971	6131915
6132000	6133290
6230462	6230515
6231954	6232079
6232174	6232189
6232643	6232733
6233450	6233548
6233638	6233822
6233915	6234184
6237734	6237996
6238475	6238552
6238754	6238864
6238871	6238919
6241063	6241175
6241810	6241877
6243340	6243432
6243830	6243890
6244117	6244558
6255546	6255590
6263065	6263191
6263877	6263943
6264508	6264704
6265645	6266143
6274215	6274397
6274814	6274823
6279224	6279353
6280940	6281142
6301157	6301226
6302027	6302154
6303398	6303432
6304351	6304489
6355188	6355303
6356673	6356753
6358558	6358671
6358724	6358782
6361128	6361302
6363127	6363224
6366018	6366276
6366451	6366514
6367153	6367325
6368284	6368399
6368907	6369024
6375501	6375623
6376715	6376845
6377267	6377479
6378121	6378245
6379029	6379166
6379973	6380054
6380927	6381115
6382205	6382310
6383642	6383754
6384335	6384436
6384788	6385244
6388315	6388419
6389026	6389135
6389671	6389950
6390969	6391090
6391595	6391700
6445447	6445686
6449010	6449744
6473741	6473804
6474333	6474473
6474742	6474794
6476231	6476282
6476421	6476491
6476992	6477198
6477848	6477981
6478753	6478870
6479124	6479309
6479642	6479794
6479885	6480039
6480252	6480372
6480791	6480841
6480927	6481034
6481492	6481720
6482004	6482167
6507525	6507697
6508980	6509193
6515564	6515649
6516371	6516487
6517006	6517148
6517767	6517883
6518057	6518158
6518811	6518925
6520054	6520161
6522957	6523609
6523667	6524670
6526837	6526917
6526934	6526978
6528340	6528435
6528741	6529582
6562326	6562510
6563408	6563579
6564308	6564389
6564635	6564715
6565523	6565602
6566204	6566481
6566875	6566912
6567017	6567270
6567363	6567611
6567676	6567746
6567966	6568054
6568176	6568240
6568576	6568678
6569121	6569248
6569668	6569780
6570227	6570395
6570843	6571001
6571219	6571380
6571674	6571750
6571863	6571980
6572738	6575147
6590928	6590983
6598989	6599139
6599736	6599931
6644176	6644338
6645026	6645392
6646755	6646900
6646980	6647089
6647947	6648196
6648500	6648960
6653749	6653795
6653874	6653970
6656368	6656608
6656895	6657025
6657253	6658977
6665200	6665352
6666351	6666719
6666804	6667100
6669075	6669241
6670148	6670308
6671707	6671806
6672532	6672665
6673469	6673539
6675650	6675736
6675746	6675841
6700338	6700409
6702117	6702194
6703959	6704183
6704433	6704490
6704895	6705001
6705399	6705593
6706124	6706207
6706296	6706414
6708034	6708754
6708777	6708887
6832122	6832326
6834568	6834651
6835674	6835720
6836845	6836956
6837826	6838013
6838390	6838572
6838849	6838943
6840037	6840152
6841218	6841293
6841848	6841944
6843238	6843415
6846616	6846874
6847244	6847412
6847623	6847962
6848073	6849972
6849998	6850994
6907110	6907308
6907527	6907619
6907697	6908349
6910272	6910511
6911019	6911178
6911524	6911711
6918343	6918560
6919346	6919400
6919959	6920111
6920943	6921100
6921501	6921587
6922393	6922524
6927643	6927778
6928233	6928334
6929691	6929777
6931990	6932200
6936298	6936492
6936796	6936978
6937232	6937441
6938161	6938311
6938479	6938594
6938930	6939178
6977689	6977707
6978815	6978991
6979438	6979512
6981441	6981605
6981734	6982093
6984970	6985546
6986121	6986344
6986788	6986938
6987540	6987595
6988503	6988564
6989315	6989452
6990350	6990426
6991379	6991391
6996232	6996892
6999232	6999354
6999548	6999823
7000701	7000979
7001475	7001650
