417029	417067
417122	417397
417729	417885
422036	422197
423561	423698
423999	424208
424732	424816
425057	425540
426393	426611
427431	427560
427638	427954
428635	428808
436848	436959
440352	440619
441986	442121
631137	631713
632196	632470
635498	635605
637697	637891
1119975	1120028
1121302	1121335
1124567	1124624
1127700	1127725
1127762	1127804
1128377	1128512
1168151	1168245
1177987	1178053
1189111	1189129
1196974	1197203
1204610	1204721
1206965	1207043
1224874	1224934
1226254	1226291
1230758	1230815
1251920	1252047
1259419	1259569
1269911	1269949
1285632	1285726
1288037	1288103
1291816	1292088
1298354	1298488
1316364	1316420
1335662	1335779
1337161	1337219
1337473	1337535
1339850	1339892
1343125	1343262
1348527	1348619
1351657	1351712
1356294	1356413
1358784	1358842
1359052	1359205
1361029	1361150
1370024	1370095
1379309	1379396
1381461	1381534
1385903	1386050
1387191	1387287
1388923	1389056
1404422	1404476
1431671	1431879
1437356	1437433
1438118	1438264
1438901	1439062
1442095	1442172
1443012	1443195
1444220	1444291
1444760	1444831
1445546	1445713
1446403	1446605
1447879	1447989
1449971	1451668
1465233	1465438
1468592	1468649
1469096	1469247
1471636	1471742
1473487	1473584
1474211	1474354
1474653	1475193
1481601	1481658
1481781	1481800
1482972	1483136
1483958	1484139
1484841	1484932
1485253	1485440
1486181	1486282
1486837	1486920
1488025	1488103
1489280	1490291
1496051	1496258
1497706	1497784
1498466	1498555
1500459	1501011
1502268	1502398
1503195	1503359
1504457	1504545
1504819	1504979
1505339	1505521
1506121	1506774
1507452	1507541
1508220	1508288
1508937	1509088
1510408	1510606
1510932	1511195
1511378	1511497
1511766	1511930
1512857	1513084
1514845	1514950
1515697	1516433
1516990	1517186
1518045	1518149
1519410	1519586
1520711	1520957
1522039	1522083
1523847	1524004
1524949	1525118
1526368	1526396
1528437	1528558
1528646	1528866
1529445	1529592
1530729	1530938
1531749	1531964
1533909	1534106
1534406	1534608
1536398	1536539
1537100	1537159
1538412	1538594
1539393	1539437
1539948	1540051
1540154	1540235
1556926	1556992
1557138	1557196
1558752	1558943
1560216	1560389
1561985	1562046
1566451	1566501
1569300	1569348
1686584	1687072
1688661	1688731
1690197	1690285
1696878	1697242
1706732	1707267
1708027	1708120
1708904	1709017
1710123	1710239
1714358	1714494
1717185	1717304
1718518	1718701
1718740	1718788
1812900	1812941
1855759	1855766
2362559	2362897
2363790	2364046
2365632	2365758
2366502	2366827
2369150	2369256
2369484	2369619
2370682	2371038
2371786	2371968
2387191	2387269
2406225	2406284
2415220	2415430
2426683	2426798
2430680	2430855
2434384	2434482
2440824	2440891
2443338	2443403
2444389	2444510
2447102	2447189
2448138	2448222
2449253	2449356
2452842	2452968
2453898	2453990
2456068	2456151
2457169	2457310
2458576	2458692
2465728	2465824
2468215	2468400
2468409	2468560
2469025	2469150
2469185	2469296
2469316	2469582
2469792	2470027
2490759	2490854
2493122	2493230
2496663	2496839
2499216	2499284
2500421	2500506
2502365	2502499
2504216	2504395
2513145	2515906
2522923	2523016
2523929	2524018
2524496	2524572
2529229	2529320
2532101	2532153
2533464	2533558
2534446	2534539
2535786	2535964
2536453	2536585
2538317	2538461
2540438	2540587
2540974	2541139
2647888	2648083
2650999	2651137
2652258	2652679
2653776	2654005
2673583	2673630
2673807	2673877
2674088	2674183
2674512	2674581
2675880	2675953
2676268	2676378
2676530	2677417
2721662	2721682
2739522	2739604
2739622	2739745
2757811	2757873
2761706	2761877
2769648	2769760
2779715	2779814
2782235	2782282
2784183	2784263
2801427	2801483
2822271	2822450
2827500	2827605
2837405	2837652
2841988	2842022
2848901	2848974
2849253	2849391
3326836	3327044
3332969	3333074
3335680	3335725
3336562	3336651
3338301	3340001
3350288	3350420
3354880	3355064
3362125	3362215
3363892	3363949
3366083	3366285
3367355	3367508
3368231	3368263
3369301	3369472
3372933	3373043
3373514	3373605
3374882	3374991
3376632	3376737
3378582	3378674
3380193	3380343
3382104	3382245
3383592	3383769
3384159	3384267
3384867	3384996
3386046	3386104
3386847	3387062
3387442	3387695
3388871	3389101
3390421	3390521
3391709	3391859
3393543	3393773
3394143	3394417
3396100	3396341
3397354	3397790
3399181	3399321
3402660	3402796
3403672	3403766
3403971	3404023
3405179	3405243
3407024	3407083
3407098	3407200
3407567	3407653
3408857	3408982
3617566	3619394
3626823	3626953
3627569	3627757
3633845	3634019
3641207	3641310
3642207	3642364
3645885	3646461
3647564	3647838
3651353	3651628
3659620	3659769
3664342	3664466
3667084	3667202
3669522	3669961
3675762	3676001
3677073	3677238
3678972	3679215
3682059	3682205
3684348	3684462
3684949	3685030
3685777	3687896
3909423	3909513
3919415	3919465
3920863	3920973
3925776	3925840
3928747	3928823
3931647	3931728
3933646	3933744
3934785	3934846
3939225	3939335
3942636	3942761
3944730	3944763
3950193	3950209
3950423	3950609
3966212	3966301
3969035	3969052
4207849	4207957
4209587	4209673
4211278	4211435
4212737	4212819
4213434	4213536
4214330	4214473
4216464	4216566
4218129	4218221
4218337	4218434
4219127	4219303
4221047	4221283
4257473	4257494
4263416	4263536
4267251	4267300
4268731	4268901
4269077	4269134
4270273	4270433
4273038	4273220
4275439	4275492
4275743	4275826
4279391	4279668
4280497	4280713
4281020	4281109
4282676	4282749
4283461	4283611
4283965	4284187
4285298	4285572
4286009	4286107
4286799	4286846
4287898	4287981
4288649	4288711
4288846	4288952
4290353	4290455
4290895	4290977
4291094	4291130
4292193	4292354
4293130	4293144
4295168	4295311
4299877	4300133
4301596	4301737
4305352	4305419
4306438	4306658
4308540	4308638
4309900	4309983
4310792	4310959
4312951	4313069
4313375	4313915
4335909	4335974
4344448	4344552
4344897	4344972
4347026	4347092
4349667	4349834
4355575	4355690
4357066	4357115
4357379	4357481
4358361	4358491
4358813	4358936
4359661	4359741
4360683	4360855
4361396	4361519
4362641	4362767
4363436	4363501
4366066	4366364
4366938	4367076
4368467	4368604
4369238	4369365
4369913	4370021
4371325	4371587
4372060	4372227
4376758	4376786
4461621	4462183
4463110	4463212
4464332	4464941
4466614	4466816
4468564	4469158
4474403	4474605
4475415	4475990
4481691	4481729
4484640	4484749
4485414	4485469
4486983	4487038
4488261	4488387
4488798	4488968
4501250	4501596
4534842	4534949
4558828	4558924
4560104	4560222
4561247	4561438
4562375	4562545
4563529	4563738
4564152	4564273
4565501	4565588
4584946	4585008
4606924	4607180
4609268	4609346
4610655	4610765
4612115	4612245
4613248	4613389
4613916	4613978
4614263	4614386
4616080	4616187
4616643	4616731
4617445	4617543
4618246	4618403
4619056	4619155
4619429	4619557
4619772	4619952
4620822	4620883
4621098	4621208
4622166	4622231
4622342	4622443
4623066	4623129
4623546	4623670
4624575	4624627
4625616	4625623
4627846	4628000
4628894	4628993
4630314	4630369
4630677	4630839
4631943	4632010
4632851	4633001
4633856	4633943
4634623	4634756
4635934	4636042
4638641	4638718
4639286	4639456
4639607	4639708
4640154	4640295
4786175	4786324
4787304	4787458
4788688	4788828
4790200	4790329
4790664	4790752
4791634	4791746
4792811	4792878
4793262	4793348
4793949	4794127
4794348	4794451
4794698	4794879
5762630	5762668
5790882	5790923
5800585	5800622
5806498	5806657
5807193	5807425
5829683	5829743
5834139	5834561
5835428	5835555
5836516	5836735
6353681	6353722
6358416	6358669
6365541	6365609
6366444	6366565
6725203	6725395
6726949	6727127
6727648	6727708
6730243	6730442
6731293	6731397
6962579	6962714
6963697	6963835
6964189	6964312
6964754	6964848
6969385	6969468
6970735	6970834
6971251	6971332
6974394	6974537
6975091	6975151
6975579	6975663
6975948	6975971
7002360	7002392
7052714	7052819
7055983	7056146
7057529	7057577
7058300	7058435
7059578	7059797
7088499	7088607
7089834	7089998
7093316	7097014
7099893	7100188
7101236	7101352
7101957	7102090
7103378	7103589
7105712	7105849
7107162	7107259
7110960	7111112
7112191	7112286
7112852	7112989
7132578	7132963
7134496	7134626
7135577	7135766
7136553	7136767
7137869	7138011
7138188	7138313
7138411	7138489
7138667	7138978
7142165	7143444
7144673	7144837
7146966	7147098
7148303	7148423
7149108	7149328
7150375	7150511
7150948	7151141
7151452	7151633
7152354	7152526
7152730	7154593
7154614	7154691
7154814	7154924
7154947	7155389
7284969	7285014
7287419	7287476
7289404	7289527
7292539	7292658
7294417	7294503
7295372	7295556
7296325	7296484
7296885	7297008
7299324	7299445
7299580	7299704
7299811	7299972
7301477	7301755
7303923	7304063
7305510	7305745
7306029	7306156
7307799	7308263
7374062	7374452
7377167	7377838
7379164	7379276
7381993	7382194
7383725	7383858
7386116	7386278
7389174	7389233
7390719	7390870
7392290	7392461
7395855	7396045
7401794	7401984
7405677	7405804
7414930	7415108
7417098	7417315
7421835	7421964
7427744	7428091
7435005	7435102
7435868	7436013
7439951	7440099
7443619	7443897
7600821	7601747
7601851	7602390
7814367	7814424
7819940	7820011
7846943	7846954
7852299	7852315
7855294	7855358
7873999	7874200
7875043	7875183
7875529	7875604
7876042	7876224
7878796	7878963
7879842	7880006
7881257	7881505
7882649	7882791
8008262	8008283
8009033	8009108
8027241	8027696
8030724	8031363
8038530	8038614
8055351	8055388
8057181	8057301
8058327	8058498
8059082	8059223
8127689	8128174
8130420	8130708
8133961	8136382
8196594	8197193
8205731	8205820
8209693	8209806
8217952	8218083
8224855	8224947
8227488	8227596
8230714	8230775
8231294	8231369
8232071	8232168
8232357	8232385
8232879	8232947
8233337	8233397
8236587	8236731
8237953	8237985
8238547	8238685
8239328	8239456
8239927	8240077
8240228	8240339
8240830	8240918
8241629	8241751
8242353	8242478
8243321	8243509
8243906	8244076
8245594	8245659
8246340	8246377
8246423	8246694
8246792	8247135
8307161	8307572
8307718	8307778
8308247	8308363
8309151	8309204
8309553	8309642
8310480	8310531
8311234	8311322
8312161	8312278
8312775	8312906
8313400	8313504
8313664	8313788
8314001	8314049
8314644	8314746
8315411	8315579
8315939	8316074
8317123	8317229
8317995	8318126
8318293	8318362
8319059	8319187
8319660	8319836
8321945	8322201
8328773	8328837
8329386	8329478
8330054	8330130
8330764	8330941
8331568	8331684
8333043	8333149
8333626	8333698
8335348	8335447
8335756	8335821
8336170	8336234
8337333	8337430
8337719	8337800
8338208	8338294
8339099	8339218
8339534	8339593
8339681	8339809
8340429	8340478
8342655	8342754
8343031	8343102
8345382	8345455
8345842	8345932
8346054	8346136
8346638	8346719
8348177	8348262
8369983	8369992
8957407	8957585
8960123	8960449
8962802	8962900
8963851	8964002
8965242	8965296
8967722	8967773
8970277	8970342
8970839	8970894
8972348	8972389
8975408	8975472
8976042	8976176
8977393	8977553
8980194	8980276
8981909	8981920
8982737	8982808
8984670	8984717
8985923	8985997
8987420	8987621
8988344	8988455
8988623	8988680
8988769	8988869
8988993	8989138
8990265	8990417
8991587	8991639
8993271	8993455
8995141	8995246
8996166	8998671
9008954	9009059
9009368	9009654
9029304	9029567
9029645	9029714
9040817	9040850
9043507	9043541
9043712	9043758
9048203	9048304
9048808	9048972
9049791	9049865
9050310	9050411
9050645	9050866
9051587	9051733
9052272	9052406
9052623	9052643
9052998	9053072
9053500	9053583
9054093	9054224
9055611	9055673
9056693	9056772
9057011	9057143
9057764	9057987
9058734	9058806
9061981	9062132
9062720	9062892
9063005	9063098
9068999	9069080
9069201	9069401
9072208	9072383
9072481	9072578
9073496	9073671
9074164	9074232
9075711	9075876
9078508	9078527
9085428	9085526
9085780	9085853
9087105	9087234
9089800	9089910
9090581	9090635
9091137	9091247
9092076	9092186
9092469	9092579
9095609	9095664
9096166	9096235
9096746	9096894
9099831	9099920
9100026	9100215
9101108	9101179
9101461	9102029
9102050	9103277
9543453	9543515
9544707	9544793
9546307	9546545
9546659	9546741
9547770	9547907
9548471	9548523
9548609	9548695
9553032	9553187
9553275	9553383
9553816	9553877
9555886	9556035
9556193	9556343
9557024	9557218
9558609	9558709
9559114	9559177
9559854	9562092
9567797	9567931
9568306	9568477
9568769	9568891
9569221	9569282
9569548	9569662
9570958	9571065
9571689	9571822
9572167	9572260
9572629	9572727
9573691	9573827
9573928	9574035
9574981	9575151
9575542	9575638
9576754	9576855
9576916	9577059
9577475	9577591
9577763	9577896
9578364	9578412
9578863	9578956
9579053	9579163
9579481	9579584
9580375	9580467
9581064	9581162
9581539	9581612
9582692	9582775
9583806	9585115
9599965	9600675
9604637	9605512
9610101	9610596
9611625	9611743
9749377	9749448
9752135	9752306
9753183	9753293
9754630	9754760
9755377	9755481
9755813	9755938
9756345	9756536
9757266	9757418
9757535	9757673
9758676	9758806
9759116	9759223
9759782	9759868
9760296	9760329
9769431	9769588
9772412	9772417
9822960	9823002
9824493	9824517
9832795	9832861
9833190	9833300
9834293	9834490
9834608	9834709
9835206	9835331
9836550	9836610
9836942	9837018
9837176	9837273
9837837	9837933
9839834	9839880
9840027	9840152
9841037	9841110
9844948	9847040
9870233	9870537
9870700	9870794
9871292	9871525
9872103	9872257
9874399	9874551
9874990	9875070
9875661	9875812
9876101	9877915
9881725	9882657
9887317	9887422
9901733	9902103
9906165	9906367
9913090	9914052
9916052	9916186
9916267	9916813
9964459	9965574
9995292	9995441
9995516	9995845
10005279	10005379
10005405	10005575
10005905	10006018
10006102	10006185
10006432	10006449
10011485	10011649
10011847	10011966
10012140	10012196
10012968	10013123
10015169	10015289
10015310	10015569
10015880	10015954
10016582	10016677
10019396	10019596
10019876	10020460
10021796	10022024
10022139	10022260
10022332	10022769
10023472	10023880
10023886	10024397
10024583	10024680
10024846	10025232
10025307	10025457
10025705	10025789
10025849	10025988
10034519	10035945
10036377	10036535
10036540	10037002
10037066	10037167
10038083	10038274
10047519	10047813
10048649	10048930
10049012	10049074
10049193	10049492
10050618	10050905
10051077	10051208
10051595	10051648
10051901	10052005
10052084	10052496
10057519	10057577
10059785	10059963
10060056	10060200
10060336	10060453
10060565	10060683
10060766	10060965
10061086	10061202
10061276	10061414
10061488	10061580
10061668	10061923
10083070	10083136
10084185	10084274
10084358	10084474
10084645	10084764
10084847	10084984
10085241	10085347
10085439	10085654
10085761	10085850
10085939	10086106
10090045	10090269
10090352	10090523
10091253	10091328
10091411	10091726
10092422	10092530
10092613	10092705
10092974	10093115
10093767	10094841
10102235	10102446
10103152	10103261
10103340	10103634
10173199	10173494
10176169	10176307
10176940	10177151
10179097	10179198
10179655	10179737
10183041	10183124
10186645	10186779
10187475	10187552
10188344	10188468
10189419	10189575
10189775	10189858
10189978	10190055
10193924	10194004
10195297	10195439
10196691	10196751
10197732	10197788
10198583	10198779
10199590	10199719
10200143	10200324
10200976	10205044
10205068	10205456
10205477	10208200
10233477	10233617
10233632	10233905
10234310	10234397
10235157	10235483
10238090	10238151
10238242	10238612
10239605	10239679
10241228	10241477
10241706	10241829
10246874	10246919
10246948	10247013
10247623	10247699
10248167	10248277
10248551	10248641
10249393	10249593
10250207	10250315
10250734	10250843
10251298	10251438
10252530	10252618
10252949	10253017
10253531	10253611
10254721	10254806
10254912	10255073
10255759	10256037
10256124	10256211
10256500	10256574
10256697	10256760
10257352	10257426
10257625	10260167
10260191	10260991
10263679	10264839
10296949	10297151
10300546	10300669
10304399	10304914
10317556	10318839
10361356	10361458
10361850	10361958
10362473	10362570
10366913	10367076
10367777	10367977
10369916	10370063
10371765	10371939
10376495	10376677
10377098	10377216
10378136	10378230
10378501	10378624
10380547	10381416
10381802	10381974
10383379	10384235
10384256	10384681
10436116	10437017
10437204	10437320
10437564	10437700
10437976	10438025
10438277	10438628
10439318	10439452
10439552	10439648
10439863	10439923
10440781	10440863
10441115	10441219
10441901	10442065
10442147	10442183
10442642	10442753
10442921	10442978
10443143	10443240
10443382	10443548
10443957	10444109
10444338	10444485
10444933	10445043
10445138	10445231
10445328	10445427
10447792	10448399
10452458	10452723
10452815	10452945
10453108	10453248
10453346	10453664
10453744	10453981
10489823	10490020
10492524	10492694
10493800	10494066
10496053	10496558
10497379	10497791
10510371	10510546
10511531	10511749
10522130	10522270
10522655	10522850
10522968	10523068
10523317	10523478
10523782	10523991
10525241	10525751
10539856	10539930
10541024	10541080
10541490	10541609
10564168	10564307
10564416	10564529
10565627	10566309
10567275	10567323
10567841	10567874
10568119	10568218
10568739	10568826
10569293	10569428
10569499	10569591
10570161	10570270
10570395	10570506
10571151	10571246
10571474	10571598
10571785	10571863
10572674	10572781
10572990	10573076
10573614	10573770
10574092	10574394
10593726	10593887
10594084	10594269
10594439	10594544
10595011	10595201
10595269	10595499
10595588	10595691
10595790	10595918
10596077	10596298
10596382	10596454
10596852	10596990
10597083	10597128
10597613	10597736
10598144	10598314
10598550	10598641
10598754	10598934
10599190	10599575
10602455	10602519
10603194	10603266
10604045	10605286
10605693	10607244
10607438	10607805
10650917	10651129
10652127	10652198
10652448	10652606
10652786	10653318
10656255	10656718
10656812	10656995
10657251	10657368
10657652	10657805
10658454	10658522
10659177	10659304
10659419	10659569
10659808	10660000
10660109	10660223
10660761	10660848
10661130	10661177
10661301	10661398
10661550	10661663
10676528	10676609
10676812	10676848
10677290	10677379
10677715	10677837
10679360	10679410
10679952	10680030
10680307	10680421
10680924	10681023
10681346	10684654
10695462	10695507
10695563	10695727
10695860	10696021
10696128	10696189
10696421	10696573
10697245	10697406
10697683	10697772
10698021	10698254
10745953	10746059
10746401	10746948
10747363	10747565
10773659	10773767
10773869	10773961
10774891	10775999
10852934	10853116
10853463	10853522
10853738	10853882
10854638	10854834
10854915	10855093
10855204	10855435
10859997	10860223
10860490	10860602
10861156	10861253
10864680	10864837
10866836	10867075
10867140	10867255
10867528	10867689
10868385	10868620
10871629	10871800
10872154	10872260
10875839	10876010
10908856	10909458
10912582	10913073
10913315	10913448
10916107	10916233
10916422	10916547
10917208	10917342
10919590	10921621
11013163	11013222
11013333	11013387
11014828	11014915
11016774	11017220
11019494	11019523
11021315	11021438
11022196	11022311
11022579	11022697
11023620	11023717
11024379	11028744
11030787	11030918
11031331	11031418
11032441	11032611
11032914	11032966
11033094	11033168
11033722	11033850
11037246	11037339
11038585	11038636
11041235	11041404
11043165	11043301
11043830	11043926
11045007	11045100
11046229	11046310
11046769	11046873
11047510	11047582
11047695	11048917
11085593	11087242
11090272	11090633
11092201	11092360
11093303	11093379
11095438	11095529
11097809	11097953
11098224	11098457
11100457	11100615
11134749	11134888
11135649	11135753
11136092	11136123
11136566	11136670
11136895	11137015
11137141	11137226
11137311	11137480
11137751	11138533
11146768	11146884
11148437	11148496
11148690	11148751
11149167	11149216
11150448	11150500
11155053	11159312
11159637	11159778
11159881	11159948
11160075	11160173
11161171	11161286
11161512	11161602
11162088	11162204
11163016	11163103
11163489	11163557
11163925	11163964
11164074	11164175
11164579	11164679
11164950	11165018
11165150	11165259
11165767	11165819
11167032	11167154
11167252	11167346
11168761	11168807
11170501	11170629
11171070	11171207
11171599	11171716
11172267	11172358
11173032	11173126
11173963	11174076
11174400	11174495
11175072	11175117
11175129	11175193
11175453	11175555
11175622	11175764
11185855	11186173
11223168	11223263
11223334	11223457
11223734	11224008
11235122	11235257
11235488	11235541
11235584	11235658
11235737	11236307
11243749	11243896
11243971	11244157
11244205	11244676
11244727	11244839
11244932	11245186
11245212	11245353
11245433	11245620
11245702	11245819
11246161	11246319
11246325	11246705
11246854	11247004
11247009	11247061
11251317	11251592
11251935	11252065
11252105	11252253
11252284	11252555
11252601	11252912
11253188	11253360
11253444	11253582
11253656	11253740
11253836	11254032
11254118	11254227
11254501	11254597
11257024	11257272
11257343	11257516
11269746	11269970
11270898	11271120
11271203	11271281
11272548	11272662
11275933	11276091
11276973	11277050
11277595	11277692
11278284	11278368
11278600	11278668
11279299	11279382
11279829	11279999
11280084	11280183
11281302	11281467
11282015	11282130
11282236	11282396
11283511	11283644
11283917	11284031
11287642	11287734
11288837	11288935
11289181	11289300
11289968	11290063
11290151	11290245
11290887	11290983
11291072	11291455
11291980	11292171
11293149	11293248
11294242	11294365
11294569	11294670
11294898	11295039
11295663	11295788
11295863	11296009
11296054	11296416
11296518	11296587
11297242	11297322
11298169	11298305
11298448	11298652
11298738	11298888
11298966	11299086
11299184	11299591
11299677	11299887
11301815	11301933
11304014	11304118
11304389	11304522
11305479	11305660
11305812	11305906
11308443	11308805
11308876	11309131
11309179	11309286
11310585	11311019
11311072	11311348
11311423	11311771
11311804	11312238
11312653	11312818
11312907	11312991
11313079	11313185
11313323	11313349
11313769	11313816
11313892	11314094
11314186	11314245
11314476	11314569
11314685	11314732
11314976	11315043
11315277	11315352
11315483	11315684
11327785	11327829
11327876	11328090
11328164	11328374
11332093	11332150
11332161	11332222
11332293	11332537
11333037	11333226
11333330	11333437
11333531	11333673
11333901	11334079
11334387	11334557
11334754	11334903
11335003	11335151
11335225	11335335
11335470	11335586
11335778	11335926
11336028	11336177
11336513	11336786
11336926	11337054
11337160	11337426
11343329	11343737
11345550	11345918
11346313	11346408
11346946	11347313
11377370	11377381
11377749	11377854
11378377	11378484
11379254	11379348
11380489	11380582
11381322	11381428
11384747	11384923
11386026	11386211
11387902	11387988
11388442	11388603
11388846	11388875
11448284	11448350
11448488	11448542
11448957	11449082
11449426	11449528
11450212	11450343
11450437	11450503
11450587	11450738
11451153	11451263
11451787	11451870
11451957	11452055
11452237	11452378
11452469	11452629
11453057	11453170
11453941	11454066
11454305	11454409
11454494	11454709
11454950	11455208
11455424	11455628
11456072	11456283
11456393	11456514
11456807	11458094
11516403	11516512
11519414	11519509
11529524	11529557
11542912	11543002
11558002	11558065
11562240	11562333
11567331	11567431
11568619	11568689
11569729	11569902
11571383	11571432
11571848	11571889
11572458	11573045
11574826	11574904
11577312	11577432
11578277	11578307
11579387	11579527
11581557	11581688
11582524	11582665
11583326	11583375
11584746	11584853
11586042	11586109
11587412	11587531
11588149	11588280
11589241	11590577
11590600	11592529
11592639	11594400
11595325	11595686
11599041	11599200
11599307	11599446
11601450	11601752
11602518	11602596
11603299	11603868
11609317	11609522
11610984	11611092
11612064	11612245
11615226	11615333
11616894	11618450
11618471	11619675
11778239	11778349
11786680	11786806
11789223	11789245
11796068	11796205
11808726	11808839
11810406	11810516
11815863	11815902
11829290	11829422
11830453	11830561
11831278	11831391
11833455	11833475
11833806	11833919
11834443	11834571
11835315	11835413
11837518	11837589
11837619	11837823
11840113	11840222
11841710	11841859
11853978	11854061
11863680	11863748
11867772	11867984
11879025	11879195
11880069	11880325
11881555	11881727
11881987	11882066
11882437	11882632
11883287	11883414
11885603	11885778
11886675	11886820
11890550	11890742
11892380	11892576
11896596	11896733
11903713	11903897
11905905	11906081
11908911	11909012
11910189	11910374
11916876	11917002
11917882	11918009
11918516	11918749
11922898	11923002
11924058	11924251
11924750	11924837
11926290	11926421
11926693	11926791
12040141	12040929
12042748	12042838
12046258	12046324
12047175	12047257
12051598	12051686
12056708	12056791
12140732	12140849
12141835	12141958
12144476	12144580
12146343	12146481
12146945	12147104
12148290	12148371
12164036	12164093
12167235	12167246
12167498	12167590
12174334	12174405
12175006	12175115
12175622	12176282
12182735	12182922
12191483	12191800
12193086	12193301
12194211	12194445
12194881	12195031
12195649	12195742
12198717	12198848
12200383	12200535
12203672	12203756
12205122	12205206
12206181	12206309
12208595	12208716
12210541	12210686
12211283	12211401
12212560	12212741
12213540	12213622
12214813	12214936
12215772	12215940
12216162	12218722
12218743	12220292
12226240	12226291
12226908	12227030
12227453	12227602
12230369	12230503
12235829	12236166
12236188	12236440
12237278	12237367
12238498	12238614
12239594	12239716
12241245	12241361
12243650	12243772
12244253	12244359
12244892	12245030
12245705	12245809
12246709	12246864
12247187	12247390
12254746	12254913
12256109	12256270
12256978	12257175
12257769	12257921
12258902	12258981
12259630	12259782
12275757	12276005
12282192	12282368
12283536	12283618
12286575	12286714
12287071	12287123
12287224	12287321
12289069	12290935
12306722	12306813
12308496	12308604
12309482	12309616
12312944	12313087
12318058	12318591
12318649	12318685
12321525	12321729
12322526	12322676
12323569	12323797
12324537	12325289
12325637	12325812
12327448	12328189
12368455	12368470
12378797	12378897
12383536	12383681
12388082	12388097
12398073	12398102
12402000	12402088
12427943	12429104
12430920	12430984
12433316	12433452
12437493	12437582
12443664	12443812
12447085	12447300
12449446	12449542
12450481	12450525
12452107	12452291
12452852	12452961
12454550	12454619
12460613	12460690
12463437	12463577
12466904	12467052
12467066	12467335
12467668	12467797
12490134	12490323
12490722	12490797
12491580	12491754
12492422	12492598
12506820	12506921
12510577	12510724
12514818	12514950
12515431	12515547
12516320	12516434
12517204	12517350
12517477	12517594
12518566	12519419
12520413	12520571
12528973	12529245
12529451	12529679
12532783	12532843
12533531	12533705
12534542	12534834
12536309	12536432
12538095	12538169
12539285	12539437
12540082	12540300
12540615	12540665
12927662	12927787
12932344	12933659
12972557	12972592
12976019	12976094
12977123	12977346
12977900	12977978
12979501	12979594
12984307	12984452
12985566	12987362
12987384	12988524
13279474	13279703
13279822	13280373
13284760	13284925
13289037	13289071
13298661	13298741
13301320	13301413
13303586	13303609
13324311	13324349
13329428	13329468
13345878	13345964
13349389	13349439
13350092	13350337
13352799	13352944
13355381	13355487
13355664	13355874
13356421	13356494
13357012	13357115
13357853	13357987
13359511	13359622
13360353	13360466
13362094	13362293
13363641	13363844
13364079	13364240
13365529	13365778
13366119	13366342
13392718	13392814
13393107	13393238
13394053	13394488
13426023	13426045
13433151	13433187
13443730	13443800
13445816	13445914
13454020	13454106
13454498	13454522
13455536	13455642
13469199	13469233
13472776	13472872
13484891	13485236
13485736	13485788
13487419	13487542
13489685	13489798
13495012	13495137
13516665	13516680
13524511	13524557
13535054	13535120
13536695	13536822
13545979	13545981
14348238	14348304
14349495	14349555
14351102	14351211
14351987	14353523
14628040	14628109
14629259	14629383
14630942	14631130
14631750	14631857
14632564	14632690
14635150	14635253
14636800	14636985
14637584	14637674
14639211	14639269
14640406	14640498
14641519	14641608
14642143	14642313
14642622	14642703
14644379	14644479
14648917	14649078
14996257	14996355
14996405	14996551
14997791	14999569
15004274	15004432
15005899	15005977
15006526	15006776
15347201	15347227
15350231	15350399
15352211	15352403
15354764	15354926
15356593	15356686
15357214	15357363
15358282	15358361
15359674	15359804
15360822	15360909
15362200	15362288
15363190	15363307
15364048	15364138
15365580	15365695
15366577	15366669
15367233	15369952
15389680	15389824
15391393	15391524
15392254	15392375
15393061	15393227
15394053	15394226
15395028	15395145
15395539	15395662
15397377	15397453
15399265	15399401
15413667	15413866
15499299	15499563
15503667	15504094
15712654	15712819
15713543	15713581
15722383	15722739
15724382	15724678
15724929	15725063
15727569	15727779
15727931	15728046
15728601	15728688
15730966	15731053
15732126	15732216
15733025	15733095
15733244	15733378
15733820	15733939
15734281	15734441
15734902	15735037
15738208	15738213
15742080	15742169
15746976	15747026
15865814	15866073
15871668	15871741
15872779	15872841
15881345	15881425
15882080	15882181
15883771	15883974
15889585	15889669
15898297	15898468
15903574	15903793
15907434	15907618
15909010	15909091
15909710	15909808
15910656	15910752
15912264	15912362
15913543	15913640
15915815	15915904
15918083	15918219
15922226	15922411
15922933	15923071
15924243	15924335
15924973	15925052
15926021	15927366
15930205	15930237
15930242	15930332
15931077	15931208
15931354	15931465
15932078	15932145
15932767	15932868
15933836	15933870
15937967	15938012
15938822	15939108
15940599	15940614
15944833	15945078
15947938	15948029
15948839	15948927
15949204	15949300
15949752	15949850
15950803	15950952
15952185	15952325
15953076	15953164
15953751	15953872
15955018	15955130
15955641	15955769
15955982	15956111
15956407	15956510
15957530	15957627
15959105	15959294
15959828	15959896
15963446	15963527
15967368	15967448
15967883	15967950
15969294	15969353
15970583	15970666
15971763	15973270
15978795	15978813
15979341	15979384
15981440	15981471
15982493	15982554
15984025	15984124
15985048	15985189
15985297	15985383
15986906	15987025
15987594	15987665
15991380	15991504
15993392	15993537
15995365	15995387
15995983	15996102
15996392	15996421
15997660	15997716
16006502	16006579
16465289	16465393
16476014	16476051
16483290	16483385
16484789	16484948
16485893	16486073
16487306	16487472
16490488	16490668
16493062	16493126
16494960	16495151
16496467	16496569
16497460	16497578
16498211	16498561
16500407	16500538
16501723	16501846
16503289	16503434
16504179	16504291
16505653	16505748
16508076	16508334
16509506	16509624
16509975	16510107
16512501	16512675
16514646	16514808
16515502	16515680
16516112	16516244
16518170	16518242
16519084	16519174
16520210	16520982
16669443	16669532
16673981	16674184
16677296	16677470
16678249	16678337
16678770	16678837
16680554	16680604
16681392	16681537
16681853	16681988
16682113	16682182
16682466	16682522
16683099	16683194
16683358	16683491
16685770	16685917
16701060	16701196
16701717	16701920
16704090	16704327
16732271	16732424
16739176	16739342
16739789	16740031
17093732	17093791
17094442	17094609
17094948	17095077
17095575	17095697
17096759	17096937
17097464	17099591
17108018	17108189
17110403	17110526
17112135	17112253
17115766	17115965
17117104	17117226
17118380	17118524
17119466	17119564
17120215	17122899
17128458	17128787
17137262	17138147
17304186	17304303
17304708	17304747
17311470	17311630
17312832	17312925
17319060	17319184
17320421	17321759
17682772	17682819
17685061	17685210
17687177	17687359
17688422	17688574
17690464	17690554
17699788	17703265
18008820	18008970
18009045	18009139
18023313	18023338
18023633	18023720
18025789	18025794
18033013	18033075
18033566	18033647
18036356	18036596
18037197	18037323
18038434	18038521
18038905	18039014
18039977	18040184
18040949	18041071
18041737	18041857
18042168	18042306
18042465	18042569
18042909	18042981
18043248	18043385
18044220	18044381
18044869	18044963
18045654	18045753
18046396	18046645
18047782	18047834
18047957	18048066
18048818	18048969
18049844	18049985
18050462	18050572
18050942	18051127
18051533	18051772
18052205	18052361
18053087	18053230
18053754	18053816
18054600	18054647
18055940	18056119
18057188	18057466
18058109	18058150
18058366	18058599
18059302	18059349
18064685	18065104
18068155	18068733
18069971	18070073
18071034	18071219
18071740	18072010
18655847	18655941
18658009	18658117
18799647	18800016
18801763	18802176
18802840	18803043
18803900	18803954
18804135	18804336
18804963	18805124
18805421	18805600
18806167	18806314
18807308	18807443
18807675	18807825
18809127	18809250
18809599	18809717
18810136	18810243
18811199	18811404
18812127	18812358
18840884	18841042
18846242	18846348
18850423	18850548
18853711	18853766
18859413	18859503
18868099	18868217
18869859	18870039
18870850	18871004
18871824	18871899
18872731	18873107
18873142	18875003
18878060	18878221
18878452	18878614
18878696	18878778
18878937	18878982
18879090	18879194
18879283	18879465
18879580	18879705
18879880	18880251
18880411	18880529
18881213	18881593
19045122	19045314
19048717	19048874
19092089	19092199
19096757	19096935
19099166	19099325
19100022	19100121
19102199	19102496
19194725	19194830
19196438	19196572
19198490	19198660
19199314	19199484
19200258	19200428
19200920	19201090
19202023	19202193
19202925	19203095
19203312	19203396
19388632	19388788
19389782	19389898
19391056	19392199
19395024	19395036
19496350	19496762
19497270	19497441
19527488	19527704
19529154	19529443
19531437	19531663
19531977	19532161
19532609	19532932
19533732	19533940
19534218	19534429
19536259	19536449
19539339	19539548
19541672	19541797
19544696	19544932
19545466	19545576
19548233	19548469
19549709	19549848
19552714	19552811
19553328	19553589
19591278	19591300
19599551	19599783
19600791	19600977
19601791	19601928
19603397	19603509
19603977	19604090
19604758	19604887
19605949	19606101
19607988	19608137
19608624	19608688
19611162	19611277
19611668	19611753
19612953	19613039
19614632	19614729
19616684	19616738
19617415	19617545
19618180	19618298
19619650	19619803
19620868	19620974
19621907	19622057
19625275	19625397
19627358	19627403
19628757	19628918
19630518	19630666
19632192	19632237
19653621	19653703
19654338	19654392
19655427	19655513
19678080	19678203
19695017	19695228
19702832	19702850
19716118	19716172
19802233	19802332
19804765	19805010
19805331	19805390
19807788	19807856
19807947	19808015
19811104	19811163
19813553	19813748
19814534	19814633
19888882	19888965
19893783	19893883
19898569	19898774
19900037	19900135
19904783	19904954
19906349	19906496
19908374	19908432
19911114	19911272
19913412	19913476
19914703	19914964
19985694	19985857
19989006	19989142
19990546	19990617
19991240	19991482
19992359	19992454
19992522	19992532
20005221	20005379
20006598	20006855
20007768	20007953
20010899	20011021
20012270	20012348
20014333	20014546
20354356	20354362
20355443	20355589
20374132	20374257
20399435	20399470
20420833	20421178
20422774	20427596
20500055	20500147
20501101	20501160
20503375	20503432
20506372	20506463
20509760	20509900
20511565	20511691
20515333	20515664
20570697	20570709
20573636	20573710
20576219	20576294
20579204	20579232
20580568	20580723
20592392	20592549
20594070	20594141
20595064	20595118
20601295	20601422
20607963	20609652
22565360	22565374
22567972	22568133
22568925	22569018
22569522	22569587
22569948	22570099
22571430	22571636
22572174	22572278
22572960	22573049
22573624	22573805
22574981	22575074
22575577	22575633
22576672	22576748
22577107	22577243
22578856	22581015
22583472	22583595
22594227	22594276
22595444	22595533
22596886	22597055
22598053	22598164
22599274	22599405
22600098	22600207
22600527	22600671
22601053	22601192
22601418	22601578
22601892	22602004
22602946	22603086
22603527	22603646
22604787	22604954
22605451	22605528
22607653	22607877
22610033	22610219
22617882	22617899
22622432	22622454
22829211	22829327
22830469	22830503
22831379	22831426
22833011	22833114
22834306	22834394
22837231	22837440
22843902	22844000
22844533	22845787
22921560	22922178
22923260	22923873
22925389	22925448
22928045	22928115
22928654	22928723
22929844	22929910
22930370	22930467
22931041	22931118
22932127	22932227
22932890	22932979
22933940	22933985
22934136	22934277
22934848	22934990
22935373	22935526
22935733	22936027
22941447	22941474
22946017	22946552
22946724	22946813
22951601	22951717
22954473	22954659
22957990	22958129
22959036	22959129
22985972	22986161
22998516	22998682
23005595	23005708
23006259	23006387
23007571	23007653
23013560	23013692
23235375	23235482
23243707	23243779
23247094	23247218
23248365	23248439
23253132	23253239
23254891	23255082
23255366	23255449
23255951	23257575
23257596	23258085
23420650	23420728
23424363	23424436
23425798	23425869
23426829	23427023
23432586	23432660
23438292	23438390
23439619	23439798
23442608	23442691
23443674	23443835
23443982	23444173
23444355	23444532
23444762	23445045
23445564	23445649
23445697	23445746
23445846	23446156
23577543	23577646
23577894	23577942
23578833	23579042
23580042	23580243
23583724	23583916
23585746	23585935
23591699	23591817
23592196	23592314
23593181	23593443
23594243	23594310
23594650	23594680
23594785	23594943
23596093	23596160
23599719	23600218
23601831	23602414
23606464	23606675
23608760	23608947
23612047	23612697
23613533	23615697
23663832	23665334
23665566	23665590
23669119	23669190
23669996	23670130
23670757	23670874
23671600	23671778
23671905	23671989
23672383	23672510
23673477	23673592
23674006	23674231
23707037	23707056
24150643	24151015
24154904	24155524
24158031	24158137
24158698	24160322
24163559	24163759
24169347	24169447
24171194	24171292
24174606	24174630
24179493	24179549
24184531	24184567
24192890	24192929
24193356	24193543
24194324	24194406
24194801	24194849
24197942	24198073
24198270	24198349
24198751	24198912
24200053	24200122
24203153	24203281
24209531	24209641
24209806	24209991
24212673	24212841
24218537	24221495
24225983	24226198
24229014	24229352
24230577	24230735
24231062	24231160
24231257	24231379
24233927	24233980
24234553	24234752
24235522	24235594
24236661	24236678
24239088	24239213
24239887	24239991
24240086	24240148
24240599	24240736
24240862	24241005
24241226	24241374
24241873	24241969
24242118	24242263
24242428	24242509
24242630	24243286
24309957	24310305
24316779	24316872
24324069	24324256
24328035	24328182
24328850	24329418
24329448	24331253
24331399	24335003
24335024	24336160
24336185	24337420
24337485	24338232
24338362	24338421
24347250	24347516
24349504	24349599
24349829	24349915
24350057	24350205
24351133	24351250
24352581	24352629
24356133	24356189
24361668	24361834
24362613	24362745
24363375	24363499
24364075	24364180
24368114	24368280
24368645	24368810
24369747	24369853
24370177	24370206
24370369	24370505
24372038	24372115
24373203	24373362
24375364	24375468
24378568	24378756
24380805	24380939
24382058	24382225
24383498	24383586
24388520	24388715
24393143	24393282
24394035	24394194
24394762	24394898
24397380	24397559
24398486	24398520
24398983	24400207
24513257	24513314
24513323	24513579
24513918	24514016
24514172	24514261
24516491	24516623
24516699	24516787
24517399	24517505
24517723	24517898
24517981	24519861
24551234	24551326
24551595	24551695
24552127	24552283
24553042	24553277
24553672	24553827
24554401	24554576
24555358	24555478
24555944	24556074
24556741	24556806
24557328	24557488
24559063	24560141
24560171	24562356
24570501	24570687
24571578	24571650
24572157	24572288
24572378	24572458
24573260	24573362
24573945	24574001
24574549	24574593
24575679	24575731
24576075	24576211
24576761	24576892
24577368	24577496
24577576	24577704
24578090	24578216
24578334	24578424
24578542	24578660
24579553	24579576
24581439	24581720
24584546	24584629
24591471	24591500
24691976	24691988
24696037	24696232
24696556	24696711
24702419	24702552
24707607	24707713
24714148	24714294
24720225	24720304
24725018	24725226
24726794	24726907
24727349	24727465
24729875	24730003
24730342	24730461
24730591	24730716
24732935	24733060
24733510	24733644
24733809	24733934
24734969	24735199
24735459	24735615
24735971	24736188
24737071	24737247
24737808	24737930
24738638	24738951
24739456	24739537
24740151	24740256
24741055	24741256
24741560	24741598
24741612	24741801
24742052	24742183
24742861	24743001
24743686	24743772
24743978	24744149
24744232	24744394
24744629	24744854
24746237	24746540
24746816	24747034
24747346	24747480
24747721	24747829
24748159	24748303
24748844	24748957
24749253	24749376
24750357	24750424
24751037	24751124
24751654	24751795
24752106	24752220
24753031	24753090
24753223	24753368
24753540	24756859
24769102	24769210
24769740	24769933
24771002	24771208
24773639	24773810
24774728	24774860
24775148	24775251
24775623	24775736
24775935	24776039
24778589	24778678
24778781	24778945
24779731	24779859
24780600	24780782
24781686	24781799
24782996	24783106
24784239	24784331
24784885	24785070
24786715	24786809
24788142	24788199
24788281	24788406
24788725	24788861
24789022	24789196
24789722	24789835
24791941	24792069
24792674	24792868
24793495	24793630
24794351	24794439
24795600	24795722
24796394	24796543
24796934	24797137
24797819	24797954
24798742	24798935
24801099	24801271
24802393	24802566
24802999	24803119
24803815	24803994
24804431	24804618
24805016	24805091
24805929	24806117
24806228	24806362
24806875	24806958
24807052	24807211
24808759	24808913
24810101	24812495
24831901	24832052
24835512	24835691
24836055	24836233
24837021	24837113
24843211	24843240
24848454	24848541
24848775	24848906
24849405	24849491
24850088	24850186
24850882	24850989
24852201	24852277
24852668	24852745
24853283	24853411
24853562	24853665
24854063	24859513
24891435	24891473
24895313	24895367
24895478	24895494
24901200	24901358
24901613	24901671
24902408	24902591
24903259	24903431
24905533	24905599
24906186	24907645
24913826	24913995
24919157	24919311
25042459	25043112
25048059	25048100
25049134	25052125
25308918	25309118
25312839	25313093
25314873	25314956
25317215	25317511
25319218	25319316
25320334	25320385
25321196	25321275
25321717	25321777
25324229	25324392
25328924	25329079
25330756	25330831
25331161	25331264
25333150	25338692
25367359	25367497
25367723	25367799
25369074	25369207
25369521	25369627
25370104	25370184
25371144	25371296
25371622	25371694
25371978	25372097
25372307	25372371
25373506	25373897
25374597	25375240
25375437	25375510
25375614	25375746
25376502	25376672
25717058	25717126
25717283	25717307
25718223	25718360
25719631	25719748
25720304	25720482
25724090	25724171
25725084	25725211
25726906	25727021
25727425	25727650
25728741	25728859
25729426	25729652
25731675	25731798
25733761	25734507
25734594	25734734
25734776	25734897
25737358	25737411
25737913	25738073
25739283	25739428
25740306	25740420
25740971	25741180
25741674	25741753
25742458	25742568
25743977	25744119
25745530	25746060
25766139	25766298
25766478	25766950
25774437	25774588
25775982	25776120
25777204	25777374
25778051	25778077
25778981	25779106
25779979	25780029
25780835	25781005
25781672	25781728
25782777	25784702
25821690	25821862
25822051	25822142
25822845	25824715
25825423	25826147
25831431	25831503
25843949	25844047
25890571	25890670
25894717	25894852
25896169	25896379
25964924	25965004
25965435	25965499
25965604	25965734
25967106	25967275
25968397	25968616
25969064	25969772
25970527	25970635
26095023	26095158
26100983	26101055
26108033	26108113
26109308	26109435
26110336	26110397
26111376	26111498
26112799	26114433
26139383	26139448
26140500	26140688
26141714	26141888
26144048	26144131
26144845	26144945
26145887	26146074
26148022	26148197
26149163	26149273
26149838	26149943
26150424	26150487
26160586	26160705
26162530	26162640
26170916	26171063
26172552	26172756
26174816	26174930
26176525	26176636
26177472	26177607
26178206	26178383
26179295	26179377
26179703	26179790
26179875	26179982
26180556	26180633
26181884	26182005
26182377	26182434
26183009	26183086
26184153	26184248
26184538	26184649
26185428	26187890
26187911	26188195
26207093	26207111
26220024	26220034
26231672	26231682
26234102	26234121
26234565	26235345
26236391	26236422
26237741	26237778
26261027	26261128
26263950	26263985
26275138	26275234
26277404	26277617
26279239	26279443
26284392	26284493
26285560	26285631
26286493	26290007
26290036	26290634
26528947	26529199
26530473	26530834
26533417	26533602
26535663	26535763
26539760	26539930
26542593	26542679
26546606	26546721
26549551	26549728
26550186	26550328
26551615	26551759
26555860	26555989
26556813	26556913
26557856	26557951
26559666	26559746
26561380	26561472
26562182	26562303
26562651	26562760
26564176	26564335
26565686	26565822
26568634	26569001
26569021	26569157
26569263	26569431
26569452	26569561
26569775	26569867
26569912	26570048
26570752	26570891
26571142	26571278
26596299	26597456
26602619	26603549
26603875	26603962
26604131	26604226
26607876	26608004
26609391	26609489
26610041	26610684
26611322	26611679
26612575	26612798
26613658	26613798
26614208	26614283
26615609	26616129
26617614	26617911
26619598	26620221
26620836	26621132
26622524	26624217
26630566	26630690
26632021	26632072
26633738	26633920
26634622	26634733
26635938	26636171
26636816	26636992
26637380	26637532
26638502	26641797
26641818	26642116
26642170	26643325
26712248	26712255
26713410	26713472
26714047	26714104
26717080	26717250
26720216	26720353
26720967	26721149
26722297	26722457
26722844	26723033
26724065	26724211
26725098	26725282
26725393	26725484
26725853	26725978
26727627	26727697
26728137	26728258
26729157	26729232
26731753	26731864
26732424	26732487
26735886	26736011
26742415	26742563
26743278	26743327
26743872	26744108
26745525	26745694
26747308	26747453
26747891	26748061
26748951	26749029
26750554	26750864
26751643	26752554
26755911	26755996
26756991	26761754
26762744	26762895
26763794	26764047
26764507	26764563
26764968	26765063
26767307	26767383
26768456	26768615
26769143	26769216
26770628	26770780
26770913	26771387
26772082	26772284
26773310	26774624
26774645	26776058
26797450	26797897
26803815	26803887
26804892	26805068
26805697	26805833
26806537	26806668
26807865	26807923
26809754	26809796
26810985	26811048
26811499	26811626
26811750	26811860
26812069	26812106
26812993	26813128
26814075	26814211
26814479	26814701
26815312	26815429
26816426	26816563
26817727	26817831
26818289	26818474
26821441	26821607
26822131	26822317
26824577	26827395
26827435	26827942
27273523	27273584
27274779	27274887
27275418	27275545
27276081	27276263
27276512	27276557
27277916	27277982
27279399	27279495
27280095	27280275
27281118	27281271
27281674	27281909
27282871	27282997
27283967	27284046
27284914	27285057
27285444	27285540
27285920	27286021
27286532	27286775
27288511	27288575
27289090	27289166
27290370	27290444
27290853	27290966
27291484	27291596
27293081	27293184
27294049	27294155
27298658	27298996
27304721	27304790
27305250	27305368
27305970	27306103
27306528	27306696
27307280	27307420
27309786	27309869
27310252	27310337
27310914	27310991
27311439	27311599
27312153	27312322
27314124	27314332
27314850	27314886
27315888	27315902
27317175	27317276
27318606	27318683
27321104	27321172
27321750	27321828
27323311	27323427
27323930	27323988
27324758	27324833
27326279	27326706
27328121	27328336
27328653	27328868
27328981	27329115
27368645	27368796
27376274	27376379
27376952	27376993
27378259	27378307
27378819	27378936
27382320	27382472
27383037	27383181
27385732	27388474
27397276	27397416
27399034	27399103
27399905	27400037
27400681	27400789
27400919	27401023
27404813	27404895
27416385	27416454
27417723	27417839
27426209	27426278
27433038	27433063
27441134	27441250
27443048	27443080
27443167	27443228
27443695	27443807
27448560	27448725
27451633	27451705
27452578	27452645
27453601	27453698
27453961	27454161
27454547	27454644
27456422	27456499
27457209	27457283
27457786	27457965
27461733	27461780
27463234	27463372
27464199	27464281
27465331	27465434
27467557	27467604
27474563	27474822
27477194	27477665
27478536	27489647
27490414	27490611
27491757	27491940
27492452	27492598
27493237	27493342
27493919	27494061
27494299	27494363
27494452	27494657
27495056	27495135
27495521	27495679
27496743	27496844
27638257	27638944
27642596	27642842
27644266	27644528
27656976	27656982
27659635	27659686
27663682	27663905
27665946	27665992
27672668	27673198
27677276	27677398
27682567	27682576
27916049	27916139
27924473	27924591
27931963	27932082
27933834	27933941
27936098	27936172
27937170	27937248
27939616	27939728
27940068	27940167
27943302	27943395
27947128	27947202
27948065	27948221
27954124	27954297
27958111	27958232
27959478	27959646
27960639	27960777
27962259	27962354
27963141	27963259
27965676	27965809
27966450	27966691
27967777	27967969
27969733	27969949
27970148	27970252
27970607	27970710
27971117	27971200
27972495	27972654
27973089	27973236
27973337	27973542
27974198	27974372
27975793	27976001
27977142	27977326
27977976	27978012
27978380	27978540
27978976	27979141
27981400	27981486
27981878	27982104
27983230	27984031
27984524	27984724
27984986	27985088
27988945	27989082
27992011	27992284
27994002	27994116
27995828	27995957
27996938	27997041
27999267	27999402
28000375	28000555
28001022	28001127
28001657	28001777
28002370	28002539
28003180	28003400
28004159	28004249
28005661	28005801
28007449	28007630
28008564	28008642
28009815	28009904
28011339	28011488
28013043	28013105
28013591	28013666
28013833	28013956
28018121	28018236
28018521	28018588
28019183	28019304
28021511	28021560
28022264	28022324
28023365	28023603
28024524	28024605
28028390	28028520
28031161	28031481
28032829	28033069
28033386	28033473
28033579	28033671
28041496	28041666
28042121	28042180
28043360	28043491
28044329	28044441
28048402	28048498
28050078	28050187
28051001	28051052
28051742	28051792
28052082	28052181
28052389	28052468
28052830	28052906
28054574	28054647
28054892	28054909
28055398	28055478
28055866	28055954
28056334	28056462
28056791	28056895
28057839	28057920
28058266	28059587
28062862	28062920
28063906	28064074
28064668	28064754
28066472	28066639
28067248	28067378
28069785	28069827
28070378	28070505
28071407	28071467
28072316	28072462
28074125	28074259
28075735	28075891
28077001	28077065
28077169	28077269
28078773	28078824
28079620	28080552
28605626	28605821
28606546	28607123
28607608	28607683
28607931	28608127
28608301	28608426
28609963	28610056
28610405	28610578
28610950	28611126
28611432	28611605
28611780	28611907
28612024	28612176
28612666	28612884
28613362	28613469
28613854	28614013
28614406	28614524
28616210	28616444
28616826	28617053
28617266	28617537
28617994	28618091
28618202	28618341
28624852	28624859
28738100	28738123
28740483	28740598
28741744	28741846
28744412	28744585
28745406	28745486
28745936	28746084
28746395	28746510
28747172	28747329
28747734	28748269
28748676	28748785
28749322	28749479
28749822	28750234
28750979	28751048
28752045	28752128
28753333	28753455
28753903	28754007
28754247	28754304
28754975	28755054
28756968	28757069
28757652	28757702
28758748	28758984
28759593	28759668
28761288	28761409
28761813	28761862
28761947	28762115
28762612	28762728
28763148	28763213
28763738	28763908
28764500	28764634
28764732	28764839
28765553	28765681
28767008	28767094
28768387	28768499
28769997	28770055
28771127	28771224
28773175	28773243
28773859	28773903
28774998	28775122
28776319	28776361
28779402	28779557
28901026	28901143
28901166	28901428
28918653	28918731
28927223	28927267
28929451	28929515
28943677	28943790
28950553	28950621
28951701	28951985
28952334	28952447
28954950	28955047
28956866	28957000
28958213	28958318
28958408	28958468
28961466	28961617
28964778	28964852
28966160	28966382
28968631	28968800
28969388	28969485
28971577	28971671
28973274	28973428
28974340	28974521
28975558	28975663
28976500	28976717
28976861	28976943
28978930	28979066
29010059	29010144
29016306	29016420
29017919	29018006
29018107	29018193
29019109	29019251
29021323	29021472
29022777	29022909
29023594	29023704
29025218	29025345
29025799	29026131
29136784	29136844
29154052	29154129
29166568	29166727
29170135	29170160
29174343	29174467
29191052	29191193
29200929	29200992
29206272	29206416
29209668	29209775
29213669	29213779
29214004	29214092
29214470	29214608
29217264	29217415
29220739	29220874
29221814	29221888
29224120	29224204
29224717	29224784
29229529	29229612
29235287	29235352
29241488	29241508
29245007	29245225
29426922	29427045
29437194	29437201
29441806	29441879
29540234	29540495
29559150	29559485
29566033	29566226
29566891	29567176
29568796	29568898
29569617	29569737
29570691	29570888
29571472	29571582
29572781	29573865
30733333	30733340
30734480	30734649
30747993	30748107
30751342	30751473
30752541	30752694
30755738	30755911
30756636	30756752
30758240	30758515
30759693	30759773
30760351	30760455
30761437	30761546
30762196	30762340
30763045	30763081
30763641	30763787
30765001	30765377
30766726	30766824
30774092	30774115
31485530	31487011
31487323	31487510
31487608	31487989
31774273	31774436
31809287	31809372
31825023	31825082
31825606	31825745
31867605	31867655
31875618	31875676
31883882	31883898
31927646	31927745
31937228	31937275
32001721	32001805
32003210	32003416
32089347	32089385
32092197	32092291
32094545	32094738
32100724	32100750
32127440	32127513
32129622	32129740
32131578	32131627
32137390	32137504
32138450	32138536
32142331	32142392
32148513	32148607
32154457	32154559
32161934	32162087
32162969	32163100
32166947	32167076
32171530	32171704
32173105	32173113
32329526	32329582
32330399	32330439
32331440	32331475
32332515	32332635
32333928	32334068
32335658	32335726
32336206	32336306
32336961	32337037
32338253	32338317
32340193	32340309
32341737	32341850
32342619	32342722
32343231	32343333
32344254	32344374
32346134	32346259
32346985	32347155
32348964	32349131
32349560	32349672
32352806	32353047
32354533	32354676
32355197	32355266
32356202	32356312
32357445	32357554
32358891	32359026
32360705	32360914
32361729	32361866
32362739	32362810
32364238	32364425
32366026	32366197
32368442	32368612
32369340	32369425
32370229	32370403
32371705	32371818
32374868	32377642
32401039	32401207
32401984	32402308
32402955	32403116
32403229	32403420
32404652	32404833
32405174	32405501
34454295	34454466
34455259	34455313
34456663	34456760
34458701	34458802
34460305	34460429
34461506	34461671
34462347	34462453
34463526	34463642
34464454	34464578
34464684	34464816
34465490	34465558
34466745	34467055
34467682	34467863
34469514	34469703
34470331	34473463
34473484	34474191
34474238	34474359
34475496	34475571
34480149	34480219
34480930	34481018
34481998	34482088
34482822	34482944
34484032	34484119
34487827	34487882
34490143	34490228
34491823	34491922
34495080	34495219
34496260	34496350
34496707	34496780
34497324	34497405
34504291	34504387
34507646	34507716
34508594	34508673
34509215	34509277
34510237	34510312
34512485	34512538
34516898	34516950
34519438	34519471
34520724	34520789
34523394	34523462
34526744	34526907
34527189	34527333
34529484	34529612
34562380	34562401
34567270	34567426
34573707	34573840
34574993	34575055
34575895	34575939
34576027	34576174
34577139	34577242
34578643	34578869
34580538	34581054
34581746	34583501
34657464	34657619
34659297	34659497
34660894	34660980
34661824	34661892
34673684	34673701
35016345	35016451
35019921	35023820
35033324	35033471
35045289	35045365
35954717	35954835
35962928	35963068
35978453	35978646
35983300	35983336
35986904	35987024
35997857	35997990
35998590	35998629
35998900	35999047
36002226	36002341
36005129	36006435
36427504	36427703
36430176	36430284
36431669	36431760
36432342	36432426
36433337	36433441
36435085	36435151
36435238	36435295
36435984	36436134
36437016	36437164
36438532	36438632
36438738	36438824
36439233	36439306
36439512	36439620
36440394	36440564
36441011	36441106
36441736	36442204
36448850	36448864
36449936	36450112
36457124	36457190
36458894	36458991
36459809	36460000
36477555	36478589
36481048	36481180
36491952	36492059
36497244	36497257
36512209	36512290
36512700	36512848
36513498	36513693
36515361	36515393
36523528	36523620
36524395	36524476
36524636	36524785
36527753	36527931
36528504	36528598
36530150	36530183
36534458	36534535
36741353	36741667
36745937	36746042
36748810	36748945
36753800	36753819
36754676	36754766
36758080	36758207
36760811	36760890
36764002	36764098
36764487	36764563
36767194	36767233
36767951	36768077
36769699	36771234
37156324	37156432
37156468	37156576
37156949	37157748
37160141	37160283
38030198	38030293
38032212	38032271
38032430	38032540
38033122	38033166
38033859	38033927
38035240	38035350
38035561	38035619
38041319	38041358
38043527	38043687
38044349	38044417
38045540	38045612
38045696	38045790
38047682	38047763
38049359	38049514
38049598	38049736
38050762	38051565
38051824	38052014
38060586	38060715
38062252	38062385
38063653	38063739
38064054	38064393
38064619	38065206
38068335	38068538
38068687	38068787
38071770	38071835
38074322	38074343
38074461	38074549
38074919	38074990
38075668	38075778
38076115	38076186
38076602	38076706
38080227	38080349
38080912	38081035
38081850	38081899
38082082	38082172
38083381	38083519
38085143	38085244
38086518	38086578
38086890	38086925
38087836	38087903
38088564	38088646
38089002	38089133
38090656	38090808
38092152	38092283
38094790	38094866
38095263	38095518
38096318	38096882
38120268	38120521
38120929	38121106
38124838	38125059
38133775	38133910
38134202	38134435
38134722	38134913
38135817	38135976
38136295	38136476
38139158	38139247
38140325	38140450
38141004	38141635
38153823	38153957
38154666	38154724
38155820	38155943
38156373	38156503
38156872	38156979
38157069	38157131
38157445	38157552
38157949	38158151
38159274	38159389
38159754	38159920
38162837	38162911
38173367	38173666
38176001	38176015
38313265	38313359
38314513	38314712
38315214	38315389
38315991	38316143
38318215	38318362
38318762	38318899
38319048	38319140
38319531	38319643
38320140	38320266
38320926	38321053
38321294	38321357
38321705	38321829
38321914	38322087
38421999	38422171
38422808	38422891
38539394	38539469
38539743	38539891
38540293	38540365
38540712	38540799
38541251	38541345
38543460	38545021
38545408	38545638
38546533	38547652
38552989	38553032
38553096	38553208
38554502	38554592
38554958	38555213
38556123	38556317
38557361	38558223
38560297	38561069
38561760	38562714
38565068	38565173
38567536	38568016
38569180	38569272
38569641	38569815
38569973	38570118
38570464	38570651
38571252	38571314
38571617	38571736
38572029	38572205
38572420	38572503
38572731	38572814
38574279	38574365
38577319	38577370
38582164	38582294
38583745	38583881
38584294	38584462
38609765	38609864
38614729	38614777
38615832	38615887
38616241	38616315
38616708	38616763
38617460	38617571
38618048	38618203
38618485	38618570
38619235	38619332
38621196	38621326
38621879	38621952
38622809	38622892
38623406	38623573
38624034	38625184
38656748	38656869
38657400	38657548
38658266	38658429
38658712	38658807
38659660	38659797
38660444	38660510
38661391	38661865
38684969	38686204
38686871	38687134
38813528	38813725
38818200	38818304
38819154	38819339
38824164	38829263
38830259	38830433
38835090	38835443
38837256	38837360
38839763	38840412
38853856	38853897
38861388	38861529
38862725	38862865
38867775	38867842
38868552	38868655
38875284	38875394
38875787	38875892
38876359	38876470
38877409	38877464
38882306	38882410
38888656	38888735
38892510	38892619
38894393	38894475
38895293	38895399
38895974	38896104
38896665	38896747
38899092	38899161
38899456	38899540
38900162	38900299
38905797	38905906
38907240	38907390
38910100	38910201
38910323	38910414
38912466	38912573
38920487	38920568
38921452	38921513
38922177	38922295
38925114	38925155
38927923	38928036
38928408	38928499
38929107	38929169
38930117	38930155
38931073	38931218
38932202	38932493
38936477	38936597
38938172	38938318
38940484	38940575
38943407	38943540
38944158	38944241
38944640	38945047
38946468	38946652
38946931	38947035
39129836	39129924
39130019	39130163
39130268	39130938
39137169	39137233
39140576	39140752
39141124	39141203
39143245	39143312
39144139	39144178
39146314	39146399
39155865	39155956
39160975	39162152
39162173	39162265
39162301	39162709
39323630	39323744
39324362	39324523
39330356	39330625
39336780	39340942
39457004	39457092
39458184	39458240
39459246	39459320
39460315	39460696
39461115	39461227
39461822	39462025
39465373	39466954
39658383	39658639
39661263	39661432
39663573	39663638
39664908	39665782
39680852	39680984
39720263	39720386
39720409	39720534
39720810	39721030
39721467	39721546
39722662	39722749
39724634	39724671
39725092	39725234
39725543	39725594
39726036	39726144
39726568	39726641
39726746	39726826
39726963	39727083
39727200	39727333
39727552	39727674
39728247	39728400
39728932	39729038
39729794	39729880
39730409	39730474
39730597	39730759
39731013	39731118
39731318	39731485
39731760	39731875
39732012	39732083
39732165	39732976
39732997	39734285
39780680	39780730
39780767	39780901
39781273	39781377
39782195	39782275
39782726	39782851
39783418	39783493
39784308	39784360
39785637	39785686
39786437	39786560
39833973	39834241
39835256	39835446
39835624	39835706
39836368	39836485
39838084	39838172
39838502	39838636
39839386	39839487
39840023	39840074
39840496	39840901
40028747	40028820
40029773	40029812
40036328	40036531
40057004	40057162
40060904	40061062
40064230	40064346
40073074	40073223
40073455	40073652
40077308	40077501
40078824	40078995
40481635	40481776
40486083	40486286
40493897	40493923
40515216	40515393
40553860	40553891
40569853	40569972
40576169	40576550
40577928	40578118
40578604	40578777
40590923	40591030
40594731	40594850
40634001	40634029
40688105	40688121
40700655	40700736
40756100	40756186
41422644	41422819
41433026	41433097
41435629	41435703
41444864	41444938
41446058	41446132
41448827	41448904
41449853	41449921
41456472	41456549
41465107	41465295
41466102	41467773
43800672	43800812
43803726	43803840
43806611	43806647
43808527	43809670
43820401	43820499
43943193	43943279
43943928	43944020
43944905	43944952
43953251	43953384
43959705	43960177
43961201	43961267
43961835	43961888
43962654	43962703
43964001	43964078
43965460	43965517
43965877	43966362
44023348	44023374
44023575	44023617
44026876	44026990
44029742	44029782
44029931	44030126
44030480	44030900
44032312	44032472
44033539	44033639
44034320	44034475
44035916	44035990
44036426	44036582
44038113	44038336
44040370	44040490
44041415	44041551
44042540	44042634
44043493	44043578
44049085	44049139
44143251	44143399
44145230	44145547
44153200	44153302
44159529	44159558
44162469	44162509
44167101	44167260
44168896	44168985
44179140	44179225
44181283	44181370
44184890	44185000
44187589	44187728
44188933	44189107
44190362	44190484
44192290	44192373
44194005	44194458
44194487	44194602
44607918	44608471
44609610	44609653
44610288	44610343
44612262	44612358
44613450	44613484
44614513	44614605
44616087	44616251
44617800	44617878
44620674	44620859
44621634	44621682
44624683	44624749
44629569	44629676
44631196	44631298
44640755	44640869
44644967	44645440
44742273	44742372
44742757	44742881
44743350	44743535
44743730	44743858
44744778	44744874
44745059	44745248
44746228	44746379
44747683	44747837
44748632	44748929
44810930	44810962
44812844	44812874
44813837	44813980
44816055	44816161
44817623	44817758
44817987	44820861
45145582	45145654
45150272	45150355
45153134	45153287
45153977	45154175
45155777	45155927
45157342	45157464
45159667	45159858
45161849	45162109
45162571	45162670
45164262	45164410
45169279	45169391
45174825	45174965
45550027	45550212
45551674	45551833
45551916	45552021
45553493	45553622
45553949	45554064
45554632	45554819
45555232	45555522
45556575	45556675
45557008	45557208
45557810	45557962
45558497	45558722
45560389	45560688
45561639	45561773
45561923	45563269
45752941	45753211
45753766	45753814
45754176	45754248
45757899	45757990
45760565	45762040
45764505	45764813
45773348	45773479
45776996	45777159
45779057	45779349
45779450	45779660
45822798	45823431
45825769	45825993
45827069	45827288
45827833	45827956
45828780	45828983
45830056	45830226
45830767	45830895
45832763	45832861
45834488	45834713
45835838	45835943
45836833	45836896
45838215	45838291
45841046	45841062
45843790	45843899
45878532	45878629
45882345	45882438
45882858	45882926
45885080	45885178
45886776	45887273
45887705	45888177
45890685	45891251
46058520	46058566
46058710	46058770
46059859	46059954
46061052	46061105
46061910	46062015
46063048	46063232
46063782	46063913
46064326	46064488
46065336	46065397
46066185	46066274
46129489	46129802
46133449	46134886
46135187	46139044
46139073	46139816
46139957	46140147
46143092	46143252
46143937	46144021
46149572	46149638
46151704	46151808
46152055	46152073
46156263	46156383
46161886	46162190
46165619	46165789
46168578	46168670
46169943	46169998
46170622	46170751
46172273	46172337
46174119	46174207
46175341	46175381
46176600	46176628
46177686	46177912
46179059	46179230
46181562	46181792
46181833	46181840
46185004	46185127
46186401	46186541
46187856	46188077
46188726	46188953
46190314	46190455
46190841	46190920
46191005	46191153
46192176	46192333
46192665	46192846
46194104	46194305
46195906	46196085
46197127	46197192
46200959	46201245
46205684	46205866
46206609	46206771
46209602	46209754
46211107	46212321
46214011	46214118
46218260	46218376
46222106	46222208
46223952	46224092
46228216	46228254
46229208	46229490
46230314	46230487
46232118	46232186
46232772	46232882
46238365	46238469
46242187	46242264
46244713	46244802
46248195	46248370
46250329	46250515
46251846	46252043
46254221	46254298
46257811	46257852
46258526	46259575
46380559	46380761
46380836	46380882
46381258	46381268
46455900	46455954
46458563	46458699
46458948	46458993
46467241	46467348
46467700	46467878
46468173	46468688
46468743	46468825
46471505	46471540
46477108	46477197
46499730	46499832
46506616	46506763
46507458	46507531
46508514	46508620
46511030	46511137
46513142	46513263
46514809	46514931
46516980	46517149
46518184	46518303
46519772	46519849
46520665	46520748
46521857	46522039
46522752	46522857
46523618	46523765
46524260	46524404
46525273	46525314
46527397	46527472
46527896	46527976
46528311	46528404
46528714	46528784
46529565	46529678
46534645	46534721
46536079	46536228
46536513	46536639
46536707	46536806
46538323	46538454
46538979	46539024
46542444	46542518
46542660	46542739
46543720	46543825
46543991	46544048
46544501	46544637
46544931	46545605
46546048	46546086
47473504	47474604
47476640	47476770
47482714	47482761
47482768	47483839
47488900	47488961
47556737	47556994
47557627	47557776
47561117	47561125
47561137	47561310
47562445	47562553
47563381	47563475
47564195	47564305
47568984	47569067
47569655	47569743
47570261	47570351
47572974	47573051
47573779	47573928
47575347	47575475
47575771	47575939
47578398	47578526
47579538	47579612
47580289	47580486
47584429	47584649
47586749	47586907
47588607	47588652
47589833	47589963
47599024	47599193
47599836	47599902
47601202	47601283
47601764	47601873
47603784	47603837
47607012	47607123
47608370	47608459
47608552	47608658
47611679	47611799
47612667	47612751
47617171	47617224
47617992	47618111
47619576	47619685
47622871	47622992
47624023	47624165
47625472	47625569
47628027	47628247
47628619	47628684
47630271	47630345
47630566	47630634
47632464	47632555
47633805	47633871
47736137	47736182
47740877	47741032
47742517	47742572
47747225	47747294
47747696	47747783
47749185	47749293
47749435	47749527
47750531	47750663
47751880	47752000
47752878	47752936
47753781	47753959
47757893	47757926
47773670	47773704
47779443	47779460
48114505	48114664
48117955	48118025
48125068	48125147
48146874	48146892
49148872	49149048
49150733	49150864
49151657	49151762
49151903	49151960
49153741	49153910
49154826	49155109
49160109	49160183
49162287	49163610
49301924	49302025
49305721	49306367
49308731	49308874
49309630	49309922
49312167	49312293
49312596	49312741
49315590	49315671
49317497	49317579
49320831	49321354
49322087	49322113
49328634	49328680
49329686	49329763
49330268	49330349
49330887	49330953
49331481	49331715
49332288	49332426
49333008	49333118
49333863	49334019
49334348	49334410
49335636	49335708
49336145	49336229
49338032	49338142
49338386	49338474
49339360	49339426
49340237	49340353
49346998	49347253
49349370	49349641
49350779	49350858
49350953	49351057
49352501	49352677
49354640	49355505
49433533	49433567
49440355	49440624
49454755	49454818
49457646	49457673
49460298	49460480
49465774	49465906
49474803	49474937
49481239	49481267
49485784	49485913
49490053	49490202
49491256	49491325
49493498	49493608
49495326	49495421
49495936	49496070
49497552	49497651
49499761	49499915
49501169	49501294
49501556	49501687
49502981	49503048
49504561	49504649
49505174	49505271
49505387	49505474
49505660	49505755
49510400	49510530
49510818	49512374
49707768	49707804
49713221	49713383
49722939	49722999
49725461	49725619
49726731	49733361
49733385	49733508
49766181	49766514
49767220	49767490
49768245	49768545
50168981	50169048
50169466	50169596
50174101	50174242
50178527	50179663
50606801	50606834
50626015	50626214
50631428	50631538
50632160	50632252
50632351	50632481
50634982	50635041
50635395	50635503
50636600	50636653
50638394	50638564
50639120	50639247
50640779	50640880
50642732	50642804
50645099	50645215
50645912	50648352
50654443	50654499
50656292	50656377
50656972	50657145
50657369	50657624
50658553	50658739
50658902	50659173
50659282	50659509
50659982	50661058
50661383	50661562
50662489	50662638
50662916	50663062
50663209	50663349
50663494	50663658
50663771	50663881
50663964	50664083
50664305	50664544
50665054	50665209
50665578	50665691
50666265	50666375
50666455	50666664
50667012	50667158
50667391	50667557
50668288	50668461
50669164	50669329
50669410	50669598
50669681	50669869
50670529	50670811
50672099	50672199
50673646	50673805
50674089	50674332
50674523	50674706
50675194	50675406
50675601	50675839
50675938	50676094
50676484	50676711
50676948	50677178
50677288	50677428
50677651	50677884
50678494	50678700
50678798	50678919
50679269	50679434
50679669	50679832
50680090	50680138
50681003	50681136
50681394	50681508
50681629	50681790
50681866	50682080
50682167	50682371
50682509	50682682
50682783	50682902
50683027	50683147
50683742	50683937
50684561	50684678
50685622	50685837
50686391	50686603
50686795	50686922
50687339	50687492
50687758	50687904
50687988	50688138
50688326	50688579
50688730	50688864
50688959	50689053
50689146	50689320
50690141	50690216
50691189	50691349
50691575	50691686
50691769	50691829
50692182	50692305
50692637	50692750
50693047	50693187
50693365	50693582
50693776	50693879
50694261	50694472
50694946	50695099
50695905	50696047
50696434	50696602
50696962	50697089
50697510	50697612
50698452	50698604
50699030	50699154
50700803	50700946
50744282	50744303
50744649	50744732
50748377	50748431
50760311	50760341
50764586	50764768
50769537	50770814
50775705	50775835
50780099	50780245
50781855	50782766
50809575	50810489
50812250	50812501
50813227	50813319
50813671	50813823
50814943	50815083
50815734	50815866
50817528	50818499
50820013	50820047
50826490	50826555
50828252	50828365
50830332	50830480
50833528	50833826
50833939	50834067
50834491	50834622
50835524	50835681
50836769	50837081
50837860	50837992
50839258	50839719
50840327	50841330
50842725	50842908
50844673	50844846
50846958	50847138
50848570	50848711
50849920	50850160
50850902	50850991
50851841	50852074
50855679	50855827
50855938	50856083
50856195	50856297
50996427	50996439
50999476	50999528
51003542	51003703
51006265	51006383
51009661	51009739
51014371	51014460
51015448	51015525
51015682	51015739
51016283	51016512
51018616	51019142
51019165	51020388
51020419	51020653
51020675	51022995
51113050	51113314
51116467	51116518
51118746	51118850
51119726	51119893
51124105	51124185
51126854	51126928
51128721	51128813
51133211	51133351
51138224	51138398
51139592	51145662
51145683	51147372
51152817	51153062
51155091	51155209
51155323	51155367
51165034	51165121
51166586	51166821
51168301	51168438
51168518	51168626
51169669	51169751
51170610	51170796
51171544	51171718
51174153	51174255
51174485	51174776
51336290	51336503
51337612	51340860
51394123	51394255
51394709	51395099
51398057	51398708
51401267	51401384
51402363	51402488
51403741	51403841
51405252	51405347
51407345	51407459
51409419	51409541
51409811	51409963
51411303	51411573
51411973	51412279
51429119	51429387
51434959	51435266
51436883	51437510
51438781	51438895
51440098	51440223
51440936	51441036
51441126	51441224
51441402	51441525
51442505	51442627
51443524	51443679
51444752	51444873
51445287	51445855
51445883	51446139
51446192	51446781
51521290	51521482
51522008	51522287
51522546	51522627
51522857	51523029
51523334	51523445
51524122	51524261
51524762	51524920
51525114	51525275
51525525	51525689
51525913	51526047
51526666	51527063
51564620	51564661
51568979	51569170
51582467	51582527
51584990	51585060
51590238	51590294
51591194	51591430
51591525	51591644
51592317	51592416
51592676	51592788
51593529	51593682
51595097	51595314
51600584	51600687
51605304	51605468
51606196	51606453
51615475	51617924
51653306	51653739
51663635	51663901
51672182	51672506
51672865	51673141
51744141	51744407
51744542	51744739
51745753	51745816
51747755	51747845
51750356	51751945
51782687	51782948
51786091	51786321
51788310	51788388
51790254	51790479
51791000	51791087
51791745	51791846
51792469	51792642
51792772	51792871
51793730	51793779
51797409	51797570
51802723	51802853
51807449	51807515
51808762	51809124
51825493	51825625
51830483	51830533
51831831	51831999
51833679	51833754
51834120	51834211
51836523	51836665
51844915	51844971
51926652	51926713
51946309	51946415
51952836	51952933
51953376	51953597
51955579	51955701
51958024	51958104
51960892	51961056
51965375	51965478
51966287	51966345
51969332	51969383
51969535	51969619
51970345	51970402
51970956	51971060
51972758	51972855
51973220	51973351
51973993	51974152
51974234	51974297
51974763	51974826
51976308	51976352
51977909	51977962
51979531	51979647
51980449	51980556
51982476	51982576
51983223	51983396
51984651	51984762
51986050	51986262
51987201	51987290
51988455	51988715
51989147	51989296
51990349	51990419
51990770	51990879
51991045	51991138
51991791	51991929
51993006	51993115
51995442	51995514
51996839	51997644
52011200	52011236
52015494	52015623
52018137	52018248
52020920	52021045
52022514	52022597
52023597	52023723
52029820	52029932
52031418	52031603
52034566	52034679
52037973	52038092
52039140	52039235
52040097	52040260
52046586	52046672
52052503	52052602
52052900	52052923
52056127	52056180
52090670	52090706
52103487	52103740
52113885	52113959
52119077	52119577
52134935	52135092
52138829	52138915
52143918	52144103
52153592	52153775
52165643	52165852
52167826	52167919
52168409	52168671
52168921	52169104
52169399	52169558
52171230	52171392
52171949	52175333
52178763	52178953
52179822	52179972
52180567	52180736
52194494	52194552
52203282	52203351
52775956	52775984
52786002	52786171
52786237	52786356
52788639	52788765
52790498	52790524
52793262	52793436
52794719	52794780
52807303	52807367
52908471	52908491
52911854	52912262
52913569	52913688
52913980	52914125
52914135	52914387
52915192	52915225
52916259	52916400
52916406	52916643
52917121	52917268
52917961	52918094
52919305	52919450
52919536	52919597
52920216	52920318
52920402	52920487
52920986	52921086
52922411	52922481
52922596	52922703
52923603	52923673
52924305	52924425
52924982	52925146
52925846	52925948
52926837	52926995
52927987	52928699
52942921	52943461
52944821	52944963
52945447	52945508
52946876	52946978
52947649	52947734
52948777	52948877
52950555	52950625
52950723	52950830
52951425	52951495
52953207	52953327
52954018	52954182
52958668	52960510
52960542	52962051
52970511	52970522
52982571	52982673
52984108	52984170
52984921	52984971
52985315	52985381
52985773	52985880
52986241	52986322
52987215	52987341
52988250	52988404
52990197	52990321
52992029	52992126
52993255	52993404
53008483	53008639
53014874	53014892
53188733	53188849
53191854	53191913
53195857	53195995
53204383	53204484
53205046	53205522
53208713	53209464
53211486	53211671
53211862	53211970
53213399	53215174
53218382	53218631
53220854	53221013
53225054	53225189
53226631	53226688
53227228	53227321
53228224	53228275
53229000	53233173
53240551	53240646
53241352	53241441
53243664	53243899
53244578	53244761
53245077	53245197
53245552	53245679
53246164	53246364
53246776	53246915
53249877	53250042
53250917	53251013
53252286	53252471
53254770	53254795
53260744	53260762
53263787	53263923
53272546	53272591
53274392	53274684
53372257	53372947
53376432	53376580
53377987	53378116
53379862	53379975
53380960	53381654
54298131	54298249
54298482	54299514
54459385	54459395
54459696	54459875
54461031	54462622
54478004	54478153
54478839	54480795
54543268	54543336
54571622	54572094
54576359	54576534
54579715	54579831
54588391	54588690
54594882	54595020
54597589	54597722
54599976	54600150
54602083	54603404
54603440	54604537
54822413	54822458
54824455	54824612
54830870	54830959
54833195	54833735
54843761	54843889
54848116	54848138
54941265	54941366
54944024	54944116
54948042	54948172
54948257	54948316
54948931	54949039
54950025	54950078
54950174	54950224
54951048	54951167
54952226	54952353
54954147	54954246
55912240	55912889
55913179	55913303
55914764	55915418
55915457	55915544
55916412	55916487
56041994	56042604
56045029	56045819
56138781	56138817
56140232	56140358
56143993	56144082
56147460	56147707
56148671	56148744
56149898	56149992
56154859	56154989
56155463	56155542
56157846	56157934
56158028	56158092
56159191	56159258
56159565	56159704
56160223	56160364
56161507	56161564
56162201	56162356
56162505	56162529
56164519	56164639
56166869	56167450
56275022	56275142
56279225	56279377
56284872	56284978
56285284	56285523
56290489	56290611
56292026	56292241
56292759	56292972
56459985	56460024
56466298	56467064
56469905	56469933
56471759	56472201
56472593	56472714
56510210	56510350
56513922	56514094
56515916	56516054
56516910	56516979
56517367	56517413
56517497	56517555
56518304	56519120
56561074	56561301
56561570	56561692
56562577	56562708
56563020	56563145
56721154	56721455
56725372	56725538
56727086	56727254
56730275	56731205
57026566	57026604
57026926	57027021
57029268	57029402
57137807	57139181
57140008	57140205
57141787	57141929
57321548	57321811
57326493	57326790
57333633	57333852
57340863	57340988
57342076	57342268
57343573	57343662
57345111	57345575
57351673	57351906
57358195	57358253
57360245	57360410
57361121	57361408
57361653	57361732
57458343	57458384
57461595	57461686
57463997	57464144
57464482	57464676
57468803	57468867
57469310	57469338
57469485	57469594
57470079	57470123
57470232	57470372
57471463	57471545
57471993	57472202
57473350	57473497
57475695	57475803
57476483	57476603
57479363	57479471
57480820	57480999
57482711	57485073
57699752	57699833
57699842	57699993
57701252	57703195
58150906	58151185
58154246	58154378
58167564	58167635
58168812	58169191
58169940	58170027
58170268	58170359
58171448	58171588
58173008	58173102
58174848	58174921
58181298	58181350
58182588	58182630
58183040	58183121
58187215	58187452
58188654	58188883
58189379	58189500
58190580	58190654
58190770	58190855
58193747	58194053
58248348	58248406
58250861	58251110
58252303	58252505
58252945	58253037
58253464	58253548
58255252	58255350
58256068	58256141
58257793	58258085
58258513	58258625
58258708	58258825
58259236	58259321
58259851	58260011
58260749	58260841
58262194	58262413
58263416	58263629
58263985	58264042
58265202	58265355
58265703	58265752
58266418	58267632
58326981	58327057
58328004	58328115
58330070	58330221
58332179	58332290
58332826	58332876
58333976	58334071
58335497	58335589
58336499	58336605
58337560	58337695
58337851	58338043
58338219	58338409
58339029	58339217
58341021	58341258
58342789	58342945
58344598	58344712
58345986	58346078
58346580	58346809
58348373	58348503
58349129	58349188
58349999	58350042
58350179	58350337
58350731	58350870
58351833	58351968
58352533	58353566
58373220	58373343
58375513	58375568
58378499	58378553
58380743	58380898
58538899	58538934
58540584	58540680
58541074	58541123
58543142	58543202
58544432	58544505
58546796	58550609
58561776	58561862
58565298	58565410
58565835	58565978
58566752	58567986
58731591	58731938
58733214	58733801
59083912	59084103
59086414	59086611
59087378	59087497
59090353	59090500
59091042	59091191
59091822	59091928
59092592	59092870
59092875	59092991
59095415	59095773
59096665	59096806
59098678	59099363
59099384	59100090
59115674	59115972
59116701	59116763
59117858	59117985
59118830	59118891
59119108	59120526
59120549	59120893
59163111	59163235
59168606	59168725
59169898	59169981
59171942	59171980
59173204	59173280
59173372	59173445
59174073	59174193
59174587	59174624
59175542	59175553
59176663	59176689
59176839	59176931
59179672	59179918
59180804	59180873
59180997	59181083
59181353	59181486
59182222	59182278
59182533	59182722
59215443	59215650
59216570	59216652
59217377	59217450
59218646	59218720
59219568	59219689
59220270	59220360
59223044	59223200
59225225	59225391
59225744	59225804
59227239	59227383
59228120	59228266
59228748	59228807
59236297	59236465
59236782	59236918
59241368	59241452
59246781	59246919
59247451	59247611
59249378	59249568
59250487	59250686
59250704	59251050
59251101	59251220
59251254	59251308
59251464	59251576
59252542	59252692
59595934	59595969
59596295	59596390
59597812	59597934
59598052	59598081
59607180	59607254
59607788	59607898
59611126	59611254
59612099	59612114
59612529	59612674
59615148	59615366
59625438	59625763
59626880	59627078
59635829	59635885
59635914	59636120
59637319	59637385
59637630	59637733
59638292	59638442
59639370	59639552
59641508	59641566
59641691	59641783
59642002	59642148
59642721	59642884
59642980	59643094
59643782	59643847
59643925	59644072
59644161	59644219
59644880	59645355
59645433	59645567
59646707	59646773
59647713	59647823
59688406	59688454
59689375	59689595
59696722	59696810
59698022	59698235
59699245	59699391
59700264	59700431
59703043	59703179
59705782	59705956
59706504	59706614
59709408	59709456
59709542	59709561
59710261	59710787
59711453	59713471
59714571	59714741
59715545	59715614
59716249	59716464
59716764	59716811
59718036	59718131
59718666	59718779
59719683	59719829
59720585	59720746
59722923	59723072
59723629	59723727
59730479	59730505
59807990	59808074
59813091	59813185
59823291	59823348
59836726	59836816
59838323	59838387
59839392	59839447
59840081	59840258
59842407	59842479
59846764	59846866
59848349	59848460
59849056	59849114
59849415	59849456
59849518	59849579
59852927	59852969
59853516	59853726
59854248	59854345
59854447	59854488
59855161	59855245
59855368	59855447
59856708	59856768
59858471	59858585
59858703	59858761
59860965	59861068
59864944	59865004
59865419	59865511
59866007	59866134
59867379	59867434
59868824	59868911
59874688	59874722
59875938	59876109
59879070	59879174
59881299	59881400
59883535	59883649
59884700	59884782
59885158	59885214
59885688	59885843
59886624	59886731
59898193	59898342
59909559	59909716
59910530	59910661
59922418	59922469
59938998	59939063
59944084	59944215
59945891	59946055
59946658	59946744
59946864	59947067
59954740	59954850
59957842	59957940
59961818	59961945
59962977	59963632
59966445	59966526
59967490	59967612
59969999	59970102
59970551	59970605
59975270	59975389
59975649	59975811
59976668	59976785
59976875	59977047
59977308	59977378
59980700	59981013
59981293	59981334
59982197	59982298
59984635	59984735
59986214	59986267
60025226	60025599
60027601	60027669
60027825	60027850
60030429	60030552
60033120	60033187
60034681	60034767
60035434	60035510
60035920	60035990
60036071	60036146
60037371	60037433
60037965	60038173
60038592	60038777
60039082	60039145
60039568	60039648
60040246	60040339
60041085	60041380
60042250	60042307
60042640	60042698
60043117	60043237
60043767	60043977
60045076	60045229
60045476	60045553
60045627	60045821
60046527	60046559
60047200	60047306
60047381	60047424
60047519	60047598
60048085	60048314
60093769	60093872
60097935	60098028
60098399	60098473
60098738	60098821
60101286	60101403
60102943	60103032
60103194	60103248
60103585	60103644
60103742	60103819
60104174	60104279
60331124	60331241
60332535	60332634
60333240	60333705
60334444	60334520
60335072	60335202
60336188	60336278
60336495	60336649
60337334	60337497
60337971	60338028
60338710	60339553
60340321	60340490
60341425	60341564
60342039	60342187
60343898	60343982
60344498	60344540
60344692	60344777
60394687	60394849
60398439	60398530
60399529	60399670
60401330	60401513
60402458	60402629
60472423	60472431
60476192	60476655
60481378	60481821
60486719	60486806
