330992	331197
331724	331934
332036	332101
332520	332672
333057	333131
333390	334132
395054	395165
395269	395353
395660	395726
395861	395935
396054	396236
396530	396669
397112	397157
402231	402335
402987	403116
405205	405267
405775	405848
421968	422062
422554	422639
423072	423284
424451	424564
426256	426444
426821	427018
427648	427830
428249	428454
430573	430689
430822	430989
432928	432973
434156	434329
437612	437812
438783	438971
440633	440715
441020	441124
441134	441286
443858	443932
443980	444265
445210	445529
670066	670191
671738	672131
674353	674444
675857	675996
676086	676190
676280	676379
677456	677584
677840	677959
679118	679231
679344	679405
680722	680737
682109	682124
687525	687687
688756	688953
879349	879458
880751	880857
881211	881288
881578	881635
882401	882452
883411	883470
886545	886638
887002	887049
887241	887308
887978	888053
888691	888708
888746	889566
889639	890431
907086	907213
907585	908215
1022041	1022137
1022911	1023043
1025464	1025515
1025661	1025783
1026905	1026988
1028635	1028758
1029135	1029289
1030846	1030948
1031487	1031548
1032099	1032216
1032549	1032672
1033375	1033470
1033713	1033807
1034604	1034730
1040777	1040798
1079796	1079958
1081229	1081449
1082137	1082405
1085897	1086011
1091893	1092048
1093096	1093811
1095012	1095137
1095583	1095644
1096477	1096734
1097416	1097875
1102393	1102594
1105345	1105577
1106602	1106667
1108701	1108880
1109302	1109362
1109443	1109583
1109839	1109932
1110202	1110312
1110581	1110746
1168528	1169679
1204539	1206038
1262794	1264341
1560444	1560667
1561520	1561562
1561759	1561900
1562062	1562219
1562707	1562835
1563055	1563184
1564586	1564739
1565136	1565336
1567246	1567645
1567677	1567986
1615623	1615777
1617729	1617951
1619492	1619674
1623586	1623720
1624045	1624365
1624657	1624776
1625343	1625625
1627160	1627188
1627730	1628028
1629589	1629670
1630134	1630251
1630538	1630729
1631281	1631723
1632276	1632344
1633112	1633341
1634183	1634330
1634428	1634622
1635380	1635481
1635587	1635752
1636221	1636281
1636560	1636617
1637052	1637257
1637715	1637789
1637912	1638025
1638633	1638671
1640700	1640836
1641068	1641372
1648548	1648589
1649808	1649978
1650436	1650635
1651049	1651136
1664055	1664167
1664197	1664551
1665139	1665360
1665587	1665877
1666003	1666092
1666631	1666747
1666890	1667085
1667860	1667980
1742387	1742497
1742518	1742627
1746234	1746360
1747563	1747630
1748188	1748295
1748372	1748430
1749102	1749204
1750143	1750229
1755567	1755845
1775898	1776315
1776677	1776789
1776802	1776936
1781649	1781737
1785142	1785248
1785582	1785740
1785979	1786057
1786486	1786774
1870710	1870994
1874875	1875687
1932898	1933268
1935268	1935534
1936052	1936318
1937968	1938240
1938911	1939171
1940370	1940642
1941556	1941825
1942295	1942564
1942696	1942968
1943295	1943860
1943945	1944214
1945522	1945794
1952177	1952449
1953424	1953693
1954118	1954396
1955107	1955241
1955343	1955547
1959052	1959119
1959481	1959607
1960551	1960598
1961000	1961093
1963442	1963532
1964266	1964342
1965152	1965286
1965765	1965887
1966671	1966831
1967987	1968122
1968593	1968672
1969298	1969385
1969832	1969922
1970688	1970760
1972766	1972924
1975024	1975416
1978965	1979074
1980219	1980427
1980507	1980643
2153251	2153373
2153396	2153541
2159154	2159225
2159892	2160017
2164238	2164398
2170948	2171028
2172541	2173778
2199730	2199884
2206474	2206627
2207409	2207626
2210605	2210754
2212963	2213077
2216313	2216419
2217451	2217609
2218731	2218889
2220057	2220155
2222779	2222986
2225564	2225661
2225682	2225808
2258938	2259084
2260381	2261034
2261754	2262044
2285973	2286014
2289755	2289832
2291104	2291226
2292190	2292360
2298140	2298265
2302646	2302739
2303915	2304018
2305462	2305620
2306173	2306292
2306751	2306909
2307369	2307484
2310316	2310478
2311454	2311573
2313200	2313316
2313941	2314122
2314847	2314971
2315296	2315446
2319478	2319592
2322242	2322597
2322943	2322996
2323738	2323876
2325617	2325796
2326671	2326868
2327614	2327670
2327827	2328081
2328286	2328393
2328562	2328774
2330069	2330551
2331133	2331250
2331288	2331430
2331912	2332046
2333998	2334115
2334251	2334264
2334783	2335154
2335659	2335796
2354292	2354354
2354947	2355033
2356329	2356530
2356968	2357056
2357366	2357452
2359060	2359179
2364553	2364653
2365916	2365974
2366468	2366619
2367635	2367733
2367870	2367976
2369362	2369501
2371138	2371297
2372252	2372478
2372676	2372824
2373672	2373800
2375982	2376257
2378219	2378385
2380296	2380429
2381914	2382033
2382905	2383006
2383779	2383855
2384439	2385550
2390171	2390309
2390659	2390767
2392381	2392464
2393901	2393958
2394489	2394628
2395440	2395641
2410794	2410904
2412078	2412170
2413073	2413168
2414808	2414946
2416766	2416935
2418735	2418891
2420163	2420289
2421375	2421524
2421699	2421804
2422499	2422576
2498612	2498875
2499086	2499383
2499754	2500447
2500550	2501008
2501213	2501254
2501408	2501556
2502163	2502333
2502824	2502876
2503158	2503235
2503428	2503740
2504317	2504438
2506226	2506422
2506509	2506671
2506803	2506977
2507187	2507284
2507410	2507505
2507625	2507784
2507882	2508117
2508217	2508371
2508559	2508630
2508926	2509122
2509616	2509734
2509967	2510164
2510706	2512522
2512549	2513506
2513538	2514274
2531916	2532101
2532225	2532394
2533664	2533780
2533994	2534161
2534311	2534478
2534879	2534996
2536204	2536337
2537118	2537324
2702818	2702887
2702936	2703119
2707942	2708023
2708840	2708966
2710744	2710837
2711103	2711595
2717255	2717296
2717695	2718114
2731758	2731883
2731967	2732056
2732524	2732700
2734004	2734111
2741652	2742346
2745568	2745708
2746931	2747408
2747831	2747962
2748658	2748707
2749428	2749500
2749899	2750030
2750351	2750440
2751555	2751632
2751940	2753061
2759722	2759756
2760245	2760280
2760531	2760552
2761990	2762050
2762155	2762271
2762856	2762933
2763027	2763137
2763525	2763634
2764225	2764315
2764733	2764773
2766145	2766354
2923976	2924068
2924165	2924256
2924700	2924808
2925705	2925836
2927143	2927292
2984144	2984620
2992780	2992881
2992989	2993153
2993682	2993756
2995312	2995407
2995936	2996157
2996565	2996711
2996813	2996947
2997657	2997740
2998531	2998662
3001508	3001599
3004899	3005040
3005270	3005475
3005876	3006116
3006308	3006343
3006932	3007065
3007207	3007364
3007997	3008090
3008312	3008548
3011371	3011469
3012703	3012729
3013598	3013773
3014492	3014589
3015196	3015371
3015596	3015664
3016255	3016432
3017685	3017776
3018179	3018955
3037957	3038379
3061000	3061626
3093679	3093861
3094390	3094502
3094632	3094701
3095812	3096120
3098032	3098180
3098299	3098476
3098936	3098977
3099605	3099695
3100078	3100316
3140909	3141032
3141435	3141460
3148154	3148311
3149255	3149322
3149872	3150011
3152162	3152339
3155671	3155753
3156447	3156539
3157013	3157333
3212185	3212294
3213604	3213709
3214328	3214426
3214797	3214877
3215792	3215917
3258771	3259007
3259683	3259854
3260773	3260959
3262110	3262258
3263458	3263651
3263942	3264686
3299770	3299865
3299950	3301578
3307025	3307828
3333982	3334255
3335221	3335413
3336460	3336607
3337117	3337197
3337445	3337550
3337628	3337777
3338129	3338217
3338290	3338467
3339047	3339175
3339258	3339348
3339429	3339534
3339609	3339746
3339849	3340103
3340714	3340887
3341709	3341923
3343522	3343894
3343975	3344051
3347655	3347763
3347790	3347860
3348023	3348103
3348659	3348808
3349261	3349404
3349585	3349740
3350502	3350723
3351096	3351225
3352082	3352239
3352326	3352455
3352537	3352754
3352775	3353005
3355129	3358282
3360407	3360825
3361825	3361943
3362601	3362763
3362990	3363175
3368832	3369068
3369417	3369483
3371571	3371672
3372412	3372566
3372584	3372889
3373432	3373615
3379184	3379368
3391714	3391867
3391947	3392015
3393000	3393220
3400401	3400499
3400584	3400647
3400869	3400972
3401187	3401291
3402543	3402618
3403367	3403420
3403498	3403559
3404339	3404385
3405105	3405286
3406091	3406218
3406285	3406387
3408778	3408940
3449625	3449800
3451379	3451634
3453043	3453152
3453288	3453326
3454124	3454158
3458658	3458851
3852695	3852883
3860556	3860772
3864148	3864291
3864754	3865551
3866020	3867531
3923634	3923816
3926002	3926128
3926581	3926904
3927337	3927449
3929001	3929085
3930386	3930504
3930680	3930743
3930911	3931018
3931150	3931301
3931555	3933802
3936071	3936336
3941016	3941173
3941422	3941542
3941835	3941965
3942105	3942873
3963375	3963457
3964392	3964551
3965039	3965093
3965619	3965734
3967593	3967671
3968124	3968278
3968401	3968498
3968896	3969010
3970748	3970820
3971515	3971617
3974650	3974800
3974940	3975032
3977624	3977763
3982153	3982173
3982445	3982969
4144074	4145186
4321641	4321990
4322814	4323408
4330596	4330711
4332273	4332414
4332498	4332547
4333066	4333136
4333493	4333547
4333794	4333865
4333953	4334061
4334909	4335056
4336465	4336509
4361856	4362089
4364171	4364320
4364800	4364890
4365235	4365460
4365557	4365787
4382984	4383262
4384110	4384314
4384736	4384858
4384938	4385084
4385315	4385707
4386076	4386194
4386477	4387037
4713623	4714810
4715218	4715400
4715487	4715573
4998458	4998616
4998830	4998977
4999109	4999605
5000290	5000373
5001271	5001374
5001526	5001733
5002195	5002479
5002883	5003942
5004780	5004866
5004879	5005148
5007427	5007535
5008487	5008563
5009584	5009679
5010006	5010044
5010457	5010528
5010606	5010665
5011041	5011183
5012000	5012066
5013311	5013403
5014710	5014786
5015712	5016424
5017424	5017513
5017641	5017766
5019289	5019392
5020028	5020058
5020157	5020234
5021120	5021199
5026071	5026741
5032674	5032811
5033191	5033333
5034179	5034346
5035359	5035467
5036014	5036466
5041817	5041964
5042313	5042472
5042769	5042888
5043679	5043838
5044695	5044877
5044958	5045025
5046107	5046308
5046614	5046742
5047167	5047439
5047968	5048099
5048217	5048303
5048706	5048861
5049250	5049345
5049891	5050016
5050359	5051120
5057782	5058123
5058921	5059100
5059557	5059627
5060069	5060197
5060598	5060663
5061522	5061636
5062093	5062199
5062537	5062612
5062897	5063024
5063255	5063350
5063789	5065302
5094211	5094317
5095575	5096724
5133450	5133541
5136939	5137057
5137950	5138058
5138467	5138554
5138719	5138806
5140153	5140259
5140898	5141063
5142065	5142090
5142587	5142800
5143041	5143481
5144904	5145004
5145905	5146012
5147328	5147397
5147807	5147899
5148587	5151143
5158805	5158900
5159757	5159879
5159960	5160094
5174040	5174116
5176979	5177096
5177982	5178075
5178286	5178359
5179289	5179403
5182236	5182392
5182832	5182922
5183637	5183720
5184162	5184329
5185073	5185372
5186489	5186926
5214518	5214770
5219638	5219675
5219807	5219869
5222860	5223051
5223197	5223240
5223344	5223405
5223818	5223951
5224605	5224778
5225317	5225457
5225651	5225800
5230826	5231160
5231595	5231691
5231767	5231843
5232201	5232294
5232384	5232473
5232799	5232881
5233067	5233199
5234133	5234288
5313234	5313313
5313617	5313765
5314577	5314749
5315357	5315524
5480308	5480390
5481300	5481454
5484663	5484860
5486417	5486778
5529006	5529281
5533706	5533877
5535881	5535958
5536270	5536325
5536707	5536795
5547320	5547427
5549027	5549137
5556800	5556844
5557457	5557541
5558284	5558453
5600516	5601097
5606723	5607005
5607169	5607266
5615346	5615448
5615853	5616385
5619172	5619586
5620118	5620545
5621425	5622090
5626267	5626513
5627794	5627822
5713529	5713870
5715050	5715208
5716344	5716451
5721809	5721898
5723246	5723693
5724795	5724835
5725866	5725941
5727138	5727214
5727860	5727939
5729666	5729811
5730763	5730864
5730946	5731048
5732146	5732296
5739512	5739565
5739604	5740141
5743836	5744016
5745164	5745336
5745951	5746126
5747577	5748997
5752246	5752395
5752550	5752624
5752934	5753003
5753732	5753826
5819447	5819664
5822286	5822381
5822417	5822609
5849867	5849991
5853369	5853909
5862473	5862547
5865022	5865105
5869481	5869612
5870267	5870372
5870792	5870958
5872396	5872569
5873628	5873729
5877899	5877908
5880366	5880715
