22508	22546
25606	25734
26303	26425
26789	26842
27280	27336
27876	27955
28569	28770
30647	30812
31944	32068
32746	32796
33161	33266
33589	33696
33927	34065
34586	34763
35544	35678
36692	36808
37233	37372
43225	43255
108242	108388
108767	108907
109438	118207
118858	119090
120003	121157
173184	173393
173719	173814
173929	174150
174657	174742
175662	175785
175916	176050
176362	176487
176695	176935
180017	180094
180784	180901
181288	181395
182278	182407
182866	182982
183387	183512
183932	184114
184656	184764
185559	185687
186109	186188
186691	186748
187033	187436
215233	215269
215306	215448
215510	215608
216957	217085
217330	217406
217758	217846
218047	218219
219066	219278
219367	219467
219583	219686
219884	220107
232760	232891
233064	233318
233424	233568
233660	233831
234394	234521
234650	234823
235125	235311
235395	235572
235714	235916
236165	236347
236499	236613
236787	236854
237020	237185
237418	237654
237750	237872
237964	238302
238410	238551
238738	238818
245643	245830
246023	246191
246430	246600
246704	246875
247048	247348
247505	247599
247705	247846
283770	283902
284110	284228
284302	284390
284598	284619
292295	292555
292901	293066
293452	293612
293693	293836
293940	294076
294171	294322
294396	294508
294587	294684
294788	294880
295204	295533
318545	318676
322571	322678
322720	322893
328063	328218
329885	330194
330263	330699
388646	388929
389414	389842
391429	391530
392171	392279
393001	393129
393913	393976
394239	394375
394641	394723
395321	395569
395894	396264
396568	396693
396803	396973
397260	397366
397907	398019
398525	398585
400217	400320
400683	400794
402897	402976
403630	403747
403996	404172
407133	407237
407494	407580
408154	408209
409229	409310
409393	409461
409980	410075
411640	411843
416453	416640
417041	417156
417518	417650
418542	419209
419958	420071
420401	420519
421161	421274
422017	422115
422203	422351
422644	422750
423497	423657
424134	424329
425064	425254
426129	426276
426606	426805
427552	427744
427877	427999
428311	428518
429323	429655
431516	431556
431745	431769
431976	432068
432461	432516
432932	433052
433765	433860
433945	433988
434084	434237
434924	435076
435661	435875
436254	436409
437672	437924
547561	547664
548222	548330
548360	548414
549394	549496
550532	550622
551461	551605
551831	551911
552249	552347
552950	553123
555779	555946
559101	560315
581900	582197
582836	582894
583581	583719
585860	586009
588600	588678
588942	589053
591778	591840
592457	592536
594698	594824
595043	595138
596412	596447
603911	603968
604188	604279
604685	604799
605593	605751
606710	606783
607085	607213
642609	642780
643305	643354
643681	643726
644380	644810
691698	691754
693708	693775
695878	695964
696117	696197
697893	697955
700131	700156
700728	700816
700922	701023
701263	701351
702439	702611
703427	703511
704645	705313
732883	733016
733509	733597
734353	734417
735108	735165
736030	736100
736207	736313
737336	737517
737949	737986
738104	738187
738746	738853
739839	739871
740385	740483
740682	740718
741525	741577
742922	745582
746123	746275
747844	747909
747990	749688
1064262	1064420
1064534	1064572
1066218	1066379
1067553	1067633
1068477	1068572
1069286	1069346
1069465	1070731
1099903	1101808
1104884	1105050
1109214	1109325
1115881	1115954
1117657	1117748
1118060	1118174
1119357	1119484
1120045	1120193
1121142	1121286
1123011	1123122
1124063	1124133
1124584	1124728
1126363	1126511
1127524	1127664
1128472	1128675
1129353	1129483
1129999	1130165
1131967	1132103
1132987	1133097
1133488	1133573
1134507	1134708
1136945	1137043
1138229	1138260
1139180	1139269
1140455	1140545
1140652	1140765
1142054	1142140
1142594	1142704
1143493	1143588
1144332	1144445
1144691	1144924
1156986	1157291
1157805	1157903
1160505	1160713
1162847	1163003
1497289	1497477
1497970	1498066
1498734	1498823
1501474	1501557
1506190	1506272
1506677	1506770
1507384	1507488
1507984	1508033
1508620	1509550
1509574	1510690
1888871	1889058
1889946	1890169
1892375	1892462
1892694	1892803
1893067	1893195
1893633	1893728
1894382	1894436
1894518	1894679
1895227	1895501
1895820	1895946
1896375	1896574
1897071	1897134
1898201	1898476
1910233	1910346
1911631	1911723
1912067	1912205
1912527	1912651
1912882	1913011
1913413	1913569
1913706	1913789
1913971	1914091
1914164	1914343
1915782	1915913
1916396	1917898
1958759	1958916
1959331	1959424
1959662	1959737
1960890	1961012
1961559	1961622
1963438	1963632
1963914	1964068
2134405	2134440
2142816	2142831
2157110	2157360
2279310	2279386
2282155	2282343
2286279	2286334
2286453	2286575
2290237	2290356
2303665	2303926
2304496	2304745
2305771	2305840
2307400	2307569
2308250	2308488
2310342	2310408
2314204	2314320
2314864	2315039
2315503	2315603
2316882	2317100
2317343	2317488
2320561	2320694
2321541	2321676
2322207	2322413
2322508	2322636
2323516	2323660
2325551	2325655
2327129	2327269
2328489	2329576
2330333	2330543
2331292	2331386
2332173	2332348
2332473	2332619
2333069	2333279
2333523	2333777
2334292	2334409
2334565	2334591
2335067	2335229
2336093	2336157
2336383	2340196
2358348	2358404
2358425	2358653
2358752	2359026
2360162	2360221
2362123	2362278
2363279	2363397
2363813	2363955
2364690	2364782
2365258	2365402
2365656	2365789
2365887	2366005
2366382	2366447
2367293	2367963
2367985	2368733
2383467	2383742
2385258	2385370
2386260	2386433
2387344	2387512
2388702	2388812
2389141	2389269
2390700	2390761
2391806	2391906
2393225	2393402
2394540	2394699
2395443	2395522
2395908	2396060
2396599	2396734
2397476	2397621
2398130	2398276
2398676	2398828
2400128	2400270
2400936	2401047
2401615	2403463
2479462	2479474
2479964	2480098
2482618	2482773
2483301	2483711
2484410	2484574
2485563	2485700
2487118	2487288
2487857	2488090
2492321	2492428
2492699	2492882
2493505	2493632
2493839	2494009
2494511	2494648
2495136	2495241
2496176	2496410
2497045	2497062
2502648	2502761
2503244	2503408
2505000	2509622
2570155	2570202
2570337	2570415
2570625	2570769
2573413	2573543
2577968	2578144
2584989	2585182
2592442	2592662
2601409	2601710
2602269	2602433
2607144	2607332
2607592	2607696
2608681	2608819
2609040	2609247
2609340	2609504
2640905	2641043
2641823	2642029
2643104	2643275
2643618	2643759
2644378	2645088
2663096	2663435
2664979	2665102
2665923	2665987
2666766	2666819
2668295	2668480
2669585	2669899
2670006	2670114
2670560	2670717
2671313	2674548
2692441	2692648
2692774	2692803
2693550	2693690
2694114	2694204
2694930	2696078
2701840	2703222
2745905	2745998
2749356	2749517
2750295	2750375
2750973	2751118
2751563	2751671
2752112	2752219
2752568	2752708
2753005	2753123
2754963	2755071
2826579	2826587
2828677	2828781
2832958	2833068
2833677	2833820
2834414	2834490
2835136	2835224
2838327	2838499
2842089	2842301
2842525	2842625
2844152	2844255
2844724	2844841
2845673	2845861
2846115	2846251
2848166	2848345
2848893	2848995
2849559	2849755
2850192	2850279
2851381	2851472
2852745	2852874
2853865	2853977
2854418	2856077
2858346	2858499
2860182	2860329
2860820	2860898
2861251	2861297
2861985	2862087
2862763	2862842
2863953	2864028
2864375	2864536
2867784	2867890
2868723	2868812
2868903	2868978
2870915	2870985
2951828	2953420
3173315	3173850
3173937	3174026
3174880	3175021
3175842	3176432
3178751	3178931
3179893	3181375
3195892	3196074
3197513	3197630
3199546	3199664
3203146	3203203
3204060	3204110
3204973	3205069
3205090	3205130
3205259	3205387
3206957	3207063
3208386	3208539
3408970	3409242
3409638	3409670
3412116	3412178
3412625	3412699
3412935	3413219
3619135	3619209
3620241	3620302
3621707	3621797
3624021	3624101
3629171	3629620
3809408	3809478
3809514	3809826
3812339	3812484
3813939	3814083
3817841	3818055
3820040	3820166
3821386	3821624
3822056	3822223
3822395	3822599
3826771	3827057
3828464	3828600
3828886	3829045
3830064	3830169
3831521	3831591
3832877	3833106
3833359	3833469
3834099	3834258
3836401	3836530
3840134	3840268
3846347	3846710
3853160	3853196
3854214	3854293
3856551	3856664
3865131	3865346
3869794	3869842
3881369	3881502
3884208	3884307
3890256	3890341
3891884	3892058
3898648	3898830
3901191	3901319
3903958	3904028
3908787	3909108
5934486	5935091
5937187	5937882
6069216	6069336
6069410	6073217
6659216	6660125
6669934	6670015
6674172	6674308
6680769	6681097
6689861	6690032
6690583	6690691
6694714	6694843
6700335	6700440
6705181	6705355
6708482	6708549
6709026	6709092
6710257	6710392
6711331	6711443
6712000	6712146
6712697	6712947
6713583	6713708
6713814	6713931
6714441	6714689
6716836	6716912
6718246	6718427
6718509	6718591
6718913	6719092
6719819	6719983
6722036	6722106
6722603	6722647
6723757	6723807
6724092	6724541
6726161	6726473
6727282	6731510
6731534	6732100
6732121	6732519
6875628	6875679
6877944	6878152
6882957	6883122
6884076	6884149
6886200	6886316
6887295	6887896
6889155	6889238
6890260	6890349
6890651	6890799
6894042	6894129
6900171	6900321
6904140	6904297
6904649	6904796
7575516	7575649
7577301	7577430
7578768	7578833
7579265	7579372
7621346	7621699
7621976	7622176
7622566	7622769
7701024	7701057
7705134	7705505
7706854	7707028
7707558	7707685
7708628	7708925
7711680	7712167
7712677	7712851
7713268	7713739
7714828	7714894
7714902	7715093
7715214	7718399
7726335	7726448
7729127	7729285
7729607	7729689
7729998	7730096
7731193	7731555
7768339	7768370
7778236	7778436
7786574	7786749
7787660	7787827
7790617	7790800
7794298	7794390
7797368	7797437
7798145	7798229
7799151	7799347
7814789	7814934
7815008	7815185
7815696	7815826
7816232	7816388
7816468	7816529
7818294	7818379
7818545	7818677
7818890	7818982
7819473	7819609
7820410	7820590
7821183	7821270
7822429	7822559
7823212	7823282
7824164	7824278
7824665	7824787
7825877	7825945
7827000	7827101
7827916	7828101
7828196	7828317
7828701	7828865
7829117	7829296
7830570	7830733
7831129	7831205
7831644	7831760
7832475	7832517
7833061	7833188
7833309	7833377
7833503	7833590
7833896	7834080
7834712	7834768
7835618	7835704
7836736	7836831
7837341	7837466
7838197	7839098
7951173	7951377
7951921	7952206
7952717	7952958
7953219	7953466
7953978	7954110
7954793	7954935
7955607	7955819
7956474	7956622
7957352	7957446
7957806	7957899
7958067	7958146
7958469	7958705
7959132	7959228
7959449	7959521
7960206	7960346
7960854	7960944
7961439	7961500
7962291	7962446
7963174	7963331
7963540	7965805
7966983	7967108
7967445	7968276
7980933	7981211
7981266	7981562
7981935	7982013
7982274	7982350
7982911	7983336
8000524	8000787
8001470	8001665
8002277	8002341
8002565	8002616
8003473	8003600
8005123	8005210
8005739	8005916
8006118	8006185
8006678	8006764
8007085	8007216
8007695	8007920
8008454	8008514
8009158	8009314
8009441	8009642
8010731	8011021
8076989	8079353
8080790	8081044
8084597	8084794
8262559	8262669
8265840	8266044
8267137	8267248
8269342	8269442
8275687	8275800
8276394	8277387
8279569	8279691
8281913	8282023
8282641	8282762
8283759	8283808
8285639	8285729
8286640	8286737
8286995	8287047
8288401	8288500
8289208	8289338
8290084	8290159
8290730	8290776
8291707	8291808
8292821	8292938
8296497	8296719
8369025	8369045
8381056	8381124
8387497	8387511
8388053	8388183
8390833	8390944
8391824	8391932
8391964	8392038
8395010	8395088
8396572	8396619
8399611	8399655
8402174	8402387
8403950	8403970
8404227	8404440
8410689	8410738
8419359	8419440
8421453	8421555
8423511	8423576
8423964	8424049
8431091	8431167
8433123	8433257
8434043	8434117
8438096	8438247
8443939	8444011
8444169	8444292
8447810	8447909
8450467	8450605
8453016	8453181
8455664	8455800
8458135	8458233
8489801	8490312
8496128	8496200
8507936	8507985
8512515	8512694
8515809	8515935
8519230	8519310
8575828	8575925
8577892	8577989
8580888	8581037
8581699	8581837
8582617	8582853
8583221	8583400
8587340	8587410
8588132	8588227
8588855	8588976
8591153	8591294
8592076	8592267
8599952	8600127
8600694	8600903
8606028	8606233
8608353	8608422
8609222	8609350
8610024	8610109
8612803	8612934
8614805	8614840
8615016	8615171
8616472	8616540
8618578	8618782
8619718	8619929
8620388	8620573
8621284	8621488
8622235	8622321
8622637	8622794
8624222	8624322
8624933	8627393
8627927	8628452
8652241	8653191
8710183	8710311
8710353	8710442
8710610	8710845
8711456	8711540
8712397	8712555
8713219	8713292
8714204	8714354
8726320	8726629
8735570	8735623
8739657	8740062
8747644	8747780
8748452	8748584
8750065	8750158
8750610	8750752
8752550	8752660
8753041	8753155
8753360	8753433
8753526	8753739
8754783	8754900
8756042	8756174
8756914	8757001
8757711	8758186
8759690	8759831
8761051	8762140
8762631	8762814
8763012	8763113
8763809	8764058
8764936	8765061
8765310	8765779
9225345	9225548
9226751	9226953
9227710	9229635
9414327	9414385
9414573	9414729
9415469	9415594
9416481	9416651
9417547	9417672
9417799	9418019
9418718	9418943
9419558	9419665
9420510	9420626
9420723	9420827
9427856	9427944
9460457	9460601
9566276	9566439
9569592	9569673
9576801	9576903
9577065	9577300
9578523	9580444
9582496	9583173
9586346	9586422
9590933	9590962
9605623	9605654
9632942	9633018
9636264	9636402
9637649	9637807
9639372	9639518
9680247	9680356
9681725	9681881
9682127	9682232
9683616	9683813
9684071	9684263
9684787	9684874
9686344	9686490
9687358	9688501
9689929	9690111
9690974	9691061
9711662	9711771
9757725	9757803
9760285	9760640
9765934	9766065
9772236	9772328
9773428	9773454
9773553	9773737
9775243	9775399
9777519	9777629
9779578	9779658
9780725	9787441
9810842	9810951
9814282	9815095
9815176	9815271
9816338	9816571
9817801	9817823
9818767	9818888
9819891	9820046
9820830	9820964
9821692	9821842
9822230	9822363
9823931	9824063
9826019	9826195
9826931	9827687
10053900	10054082
10054734	10054878
10055391	10055476
10057992	10058136
10058739	10058796
10059524	10059668
10059928	10060090
10061228	10061372
10061562	10061755
10062884	10063501
10065441	10065521
10065890	10066152
10066759	10066971
10067448	10067658
10067987	10068223
10068724	10068866
10069234	10069366
10069593	10071674
10181194	10181208
10181340	10181385
10181525	10181711
10181950	10182021
10182583	10182689
10182889	10182980
10204980	10205175
10210001	10210147
10215053	10215206
10215457	10215700
10215990	10216095
10218391	10218525
10219234	10219380
10223716	10223759
10454178	10454294
10455338	10455415
10456006	10456131
10457423	10457512
10457629	10457706
10458538	10458568
10459732	10459910
10460052	10460104
10462173	10462270
10464018	10464100
10465176	10465234
10466012	10466758
10483195	10483373
10483947	10484271
10484386	10484524
10484912	10485141
10485235	10485259
10485988	10486103
10487916	10488047
10488577	10488660
10489499	10489666
10489817	10489958
10491570	10491739
10492828	10492960
10493910	10494072
10494790	10495010
10495673	10495827
10496291	10496510
10497479	10502017
10509258	10510562
10517293	10517363
10523223	10523286
10524178	10524297
10525339	10525392
10527754	10527805
10528149	10528275
10530288	10530468
10531782	10531842
10533210	10533389
10534850	10535103
10535776	10535899
10537552	10537715
10537750	10537871
10538380	10538539
10540659	10540783
10541454	10541554
10541761	10541827
10542029	10542373
10542848	10543019
10543674	10543814
10545115	10545254
10545542	10545742
10547139	10547286
10547946	10548037
10548871	10549034
10549629	10549833
10550614	10550706
10550835	10550965
10551140	10551268
10551406	10551541
10552275	10552454
10552944	10553210
10553673	10553786
10554049	10554699
10556086	10556260
10558378	10558459
10558547	10558653
10559393	10559549
10559827	10559930
10560056	10561543
10595559	10595775
10598626	10598721
10600234	10600329
10607913	10607938
10623071	10623112
10623353	10623456
10624248	10624281
10627867	10628092
10631292	10631417
10635869	10635994
10639707	10639865
10642737	10642895
10644237	10644377
10645146	10645265
10648630	10648755
10650875	10650997
10656535	10656657
10657544	10657696
10658938	10658991
10659875	10660000
10661832	10661957
10662513	10662632
10663572	10663709
10664702	10664752
10667273	10667398
10668183	10668407
10669549	10669674
10669767	10669895
10670337	10670462
10670591	10670716
10671452	10671574
10675180	10675305
10676108	10676233
10684261	10684383
10684929	10685051
10686804	10686929
10688468	10688590
10689160	10689282
10690155	10690319
10690671	10690739
10690857	10690982
10692208	10692330
10692442	10692600
10693458	10693529
10695749	10695874
10696621	10696743
10699504	10699623
10700338	10700454
10700800	10700928
10701196	10701315
10701757	10701882
10703848	10703997
10705372	10705437
10706136	10706252
10706601	10706720
10708346	10708468
10708894	10709025
10709635	10709760
10710309	10710515
10711110	10711235
10711450	10711572
10712367	10712483
10713249	10713377
10714183	10714302
10717523	10717754
10718776	10718950
10719697	10720976
10765635	10765690
10799479	10799625
10803594	10803660
10804806	10804880
10808528	10808764
10818642	10818871
10820070	10820122
10822472	10822663
10823330	10823483
10823887	10823936
10824023	10824086
10824236	10824337
10824541	10824591
10824666	10824734
10825012	10825110
10828661	10828863
10828974	10829025
10830780	10830919
10839259	10839318
11556106	11556234
11557959	11558030
11558694	11558772
11559379	11559535
11559924	11559990
11560775	11560953
11561273	11561456
11562743	11562917
11563624	11563857
11563965	11564242
11564415	11565105
11566766	11566887
11567937	11568026
11569401	11569518
11570238	11570357
11570820	11571047
11571670	11573349
11573626	11573736
11574489	11574658
11575212	11575309
11575471	11575636
11576587	11576851
11577447	11578534
11579590	11579781
11580503	11580579
11580862	11580989
11581637	11581885
11583486	11583667
11583981	11584111
11584645	11584730
11584972	11585173
11586149	11586233
11587015	11587077
11587472	11587558
11587638	11587759
11588402	11588540
11589461	11589521
11589598	11589725
11591979	11592070
11592639	11592691
11593344	11593561
11594639	11596104
11630144	11630407
11636999	11637166
11638204	11638354
11640770	11640924
11641594	11641770
11642451	11642565
11644418	11644532
11645136	11645298
11646475	11646716
11649671	11652665
11746422	11746506
11747189	11747241
11747825	11747870
11747972	11748187
11749243	11749385
11750508	11750669
11750982	11751159
11752985	11753101
11764160	11764243
11764844	11764972
11766936	11767016
11771149	11771237
11785535	11785573
11847802	11847979
11853117	11853313
11854687	11854843
11861779	11861901
11862483	11862572
11863079	11863209
11864159	11864266
11865728	11865871
11866207	11866351
11867441	11867454
11868496	11871522
11872232	11872340
11872877	11873581
11873823	11873927
11874416	11874510
11875178	11875323
11875778	11875862
11876188	11876282
11876560	11876694
11877377	11877512
11877823	11878009
11878281	11878378
11880961	11881252
11946995	11947100
11950493	11950536
11951060	11951698
11952328	11952472
11955455	11955619
11956219	11956420
11957016	11959387
12960122	12960175
12961134	12961238
12961399	12961529
12962122	12962262
12962636	12962687
12963103	12963314
12964552	12964616
12965250	12965460
12966208	12966388
12966950	12967081
13251619	13251659
13252003	13252066
13253213	13253283
13257274	13257322
13258291	13258376
13259810	13259988
13263806	13263888
13266192	13266365
13270126	13270260
13270731	13270865
13272465	13272823
13272844	13272982
13503305	13503385
13507130	13507425
13507955	13508060
13508676	13508781
13509899	13510038
13510357	13510501
13511999	13512063
13516154	13516232
13520789	13520862
13521788	13521859
13522596	13522802
13529458	13529572
13530385	13530556
13531543	13531775
13534841	13534979
13536347	13538638
13587174	13588773
13589281	13589375
13590297	13590390
13591317	13591418
13591803	13591951
13592446	13592581
13594332	13594541
13641142	13641207
13647565	13647654
13656069	13656227
13658524	13658616
13660954	13661067
13661916	13662068
13664803	13664928
13665812	13665940
13667719	13667804
13669948	13670113
13680199	13680282
13680707	13680807
13688736	13689410
13690056	13690278
13691103	13691204
13694882	13694929
13793345	13793506
13803320	13803493
13816216	13816232
13828991	13829201
13836476	13836715
13847261	13847451
13848779	13848905
13852375	13852512
13854603	13854721
13856390	13856607
13861553	13861712
13941673	13941888
13943418	13943597
13945937	13946054
13948014	13948247
13949567	13949809
13953048	13953168
13953885	13954103
13956283	13957419
14071337	14071394
14078866	14078935
14079616	14080511
14089279	14089405
14091044	14091207
14093838	14094035
14094963	14095297
14096871	14096877
14097983	14098334
14099949	14100074
14100702	14100828
14108040	14108132
14109071	14109199
14109934	14110118
14110652	14110758
14113687	14113721
14115424	14115552
14115633	14115758
14116158	14116328
14116405	14116563
14116854	14117090
14117889	14118029
14118584	14118694
14118993	14119056
14122244	14122557
14205866	14206233
14207549	14207616
14208932	14209205
14209951	14210069
14215079	14215208
14216338	14216444
14217517	14217652
14218030	14218225
14218608	14219625
14236761	14236839
14237616	14237755
14256133	14256177
14260021	14260130
14264698	14264777
14265915	14266082
14266460	14266654
14267888	14267974
14268632	14268741
14270758	14274821
14661557	14661746
14665856	14666048
14667140	14669134
14829922	14830003
14835438	14835525
14847589	14847645
14852060	14852184
14852399	14852501
14853929	14854208
14854769	14854872
14855764	14855932
14856290	14856434
14862081	14862217
14864633	14864738
14865553	14865703
14866222	14866330
14866977	14867196
14867562	14867746
14867880	14867975
14868395	14868477
14869488	14869698
14870238	14870338
14871277	14871630
14873037	14873936
14874252	14874346
14874827	14875051
14880780	14880955
14881621	14882062
14883288	14883505
14883809	14883952
14887223	14888813
14911458	14911503
14920497	14920584
14925713	14925744
14927928	14928094
14935321	14935421
14938347	14938472
14942624	14942885
14958496	14958544
14959970	14959989
14961529	14961639
14967775	14967906
14977651	14977758
14984325	14984387
14986983	14987143
14987757	14987892
14992166	14992241
14992907	14993479
14997373	14997447
14998126	14998454
15098916	15099576
15100347	15100504
15100888	15101059
15101339	15101480
15101829	15101896
15102560	15102697
15102911	15103021
15103260	15103367
15103932	15104162
15104998	15105215
15107380	15108685
15110849	15110989
15112298	15112493
15112804	15113037
15113509	15113640
15114735	15114843
15115570	15115689
15116069	15116233
15117147	15117315
15119908	15120011
15120767	15120961
15121339	15121467
15123005	15123147
15130773	15131129
15131155	15131304
15295362	15295449
15300114	15300242
15301799	15301885
15309438	15309498
15311207	15311338
15317191	15317274
15318741	15318822
15320980	15321062
15321623	15321736
15322428	15322541
15326418	15326564
15328419	15328525
15328695	15328775
15329448	15329566
15329711	15330003
15330788	15330953
15336323	15336657
15338505	15338839
15347979	15348253
15349361	15349742
15352196	15352212
15570776	15570961
15572584	15572646
15574333	15574416
15575566	15575680
15576228	15576415
15577331	15577464
15578047	15578149
15578236	15578300
15579301	15579385
15579855	15580007
15581878	15583505
15623250	15623606
15625574	15625754
15626636	15626740
15627783	15628013
15628533	15628633
15628718	15628922
15630581	15630687
15633280	15633324
15635702	15636022
15654830	15654863
15658529	15658540
15662897	15663075
15665745	15665858
15675181	15675219
15695047	15695590
15696037	15696224
15697811	15698042
15699187	15699352
15700492	15700629
15702859	15702930
15704487	15704556
15705516	15705699
15706268	15706407
15706778	15706949
15708025	15708125
15708561	15708677
15709799	15709958
15710756	15710891
15711457	15711541
15712137	15712293
15712555	15712679
15712982	15713086
15713338	15713480
15713915	15714062
15714152	15714274
15714782	15714967
15715503	15718627
15721290	15721627
15722331	15722473
15726825	15726867
15727627	15727789
15729154	15729231
15729461	15729549
15730385	15730515
15730732	15730855
15731291	15731930
15739887	15739954
15746629	15746780
15747071	15747115
15748383	15748492
15749432	15750263
15752215	15752373
15851942	15851974
15854001	15854033
15857676	15857795
15866850	15866954
15873104	15873208
15874843	15874899
15875103	15875189
15876935	15877075
15883337	15883421
15888781	15888800
15891373	15891431
15892681	15892729
15893605	15893700
15894143	15894209
15895936	15897303
15898746	15898989
15899389	15899484
15900366	15900530
15900860	15901025
15902087	15902457
15907865	15907921
15917454	15917530
15918574	15918590
15932478	15932514
15950058	15950315
16199159	16199353
16201856	16201957
16202658	16202754
16204432	16204574
16206356	16206464
16207772	16207815
16226313	16226390
16229475	16229575
16232256	16232330
16242156	16242190
16243107	16243213
16245144	16245206
16246211	16246309
16248002	16248047
16248836	16248915
16251228	16251326
16251817	16251913
16255216	16255282
16256786	16256856
16258062	16258159
16259648	16260705
16260737	16261241
16261272	16262835
16262856	16267380
16267674	16270513
16421558	16421563
16434207	16434268
16441573	16441665
16443746	16443893
16445204	16445419
16447493	16447625
16448004	16448035
16452199	16452274
16453111	16453313
16454619	16454756
16707476	16707607
16707694	16708161
16813570	16813739
16815180	16818758
16819057	16819536
16819898	16820074
16822917	16823115
16823281	16823415
16823570	16823724
16824528	16824711
16824908	16827603
16840056	16840271
16841145	16841249
16841348	16841444
16842304	16842401
16842686	16842763
16843843	16843923
16847609	16848654
16851614	16851826
16854741	16854884
16855315	16855628
16856223	16856328
16856935	16857045
16857273	16857601
16857974	16858067
16858169	16858238
16858755	16858833
16859092	16859242
16859334	16859541
16860530	16860756
16873699	16874027
16875401	16875451
16876951	16876977
16877164	16877270
16877756	16878038
16880106	16880357
16881043	16881253
16882002	16882138
16883324	16883413
16884825	16884943
16886422	16886632
16888126	16888242
16888938	16889176
16890741	16890924
16891094	16891667
16892123	16892292
16893305	16893478
16894167	16894259
16894597	16894623
16894889	16895050
16896428	16896655
16901571	16901696
16901947	16902017
16902162	16902339
16902809	16902998
16903348	16903454
16904453	16904563
16904908	16905000
16905113	16905229
16905662	16906203
16906613	16906736
16906897	16907018
16907514	16907599
16908059	16908229
16908949	16908959
16909141	16909235
16909358	16909462
16909633	16909789
16910102	16910245
16910330	16910439
16910988	16911067
16911198	16911334
16911518	16911621
16911695	16911866
17000279	17000393
17001494	17001615
17001954	17002064
17005509	17005611
17005866	17005950
17006272	17006329
17006818	17007593
17017057	17017119
17018029	17018118
17018876	17018993
17019635	17019763
17020100	17020286
17020852	17020953
17023492	17023609
17024643	17024789
17091484	17091647
17094602	17094915
17099783	17100118
17107257	17107410
17108748	17108965
17111346	17111680
17173867	17173903
17174089	17174208
17174748	17175014
17175888	17175945
17176833	17176966
17177083	17177132
17177820	17177987
17182550	17182687
17213185	17213316
17214596	17214659
17216791	17217152
17218818	17218827
17218856	17219126
17219131	17219436
17219542	17219825
17222270	17222417
17223006	17223204
17314578	17314918
17319406	17319500
17326733	17326866
17327706	17328002
17820976	17821280
17822559	17822621
17822848	17822968
17823264	17823460
17824152	17824250
17824684	17827033
17827054	17827130
17932897	17932942
17935712	17935810
17936105	17936170
17936325	17936371
17936698	17936808
17937288	17937389
17937478	17937610
17938276	17938456
17938762	17938848
17939183	17939255
17940602	17940782
17940873	17940963
17941361	17941465
17941944	17942976
17950094	17950181
17957008	17957056
17958495	17958623
17958708	17958787
17959249	17959392
17959711	17959855
17959937	17960086
17960370	17960432
17961211	17961291
17961396	17961539
17962689	17962773
17962963	17964162
17981031	17981166
17981380	17981543
17981912	17982003
17984831	17984962
17985154	17985340
17986119	17986389
17986650	17986800
17988076	17988228
17991310	17991456
17991911	17992077
17994100	17994281
17994848	17995643
17999867	18000016
18000729	18000786
18002108	18002180
18002262	18002365
18002936	18003034
18003948	18004019
18004885	18004947
18006018	18006174
18006412	18006511
18006605	18006712
18007880	18008018
18131024	18131050
18132071	18132205
18144760	18144881
18145884	18146025
18146716	18146895
18151560	18151585
18151597	18151679
18156006	18156081
18160484	18160627
18161269	18161308
18162214	18162336
18165457	18165537
18166455	18166565
18167535	18167657
18168143	18168292
18168736	18169046
18169957	18171579
18172802	18172883
18173380	18173592
18178394	18178506
18178905	18179062
18179442	18179668
18179923	18180039
18180516	18180704
18181608	18181655
18182344	18182455
18183349	18183410
18185435	18185627
18186129	18186257
18186589	18186694
18187095	18187226
18188410	18188533
18189338	18189391
18191471	18191673
18191848	18191910
18192399	18192882
18193066	18193261
18193767	18193831
18194006	18194110
18212186	18212263
18212375	18212449
18212560	18212655
18212742	18212902
18213442	18213508
18214058	18214240
18214353	18214532
18214766	18214863
18215140	18215194
18215274	18215345
18215501	18215563
18215781	18215913
18215996	18216105
18216179	18216355
18216440	18216626
18216727	18216845
18217064	18217175
18217471	18217672
18217749	18217914
18217998	18218052
18218636	18218742
18218870	18219101
18219197	18219281
18219710	18219807
18220478	18220616
18220847	18221331
18254787	18254924
18254970	18255184
18256622	18256871
18257118	18257231
18257345	18257434
18258247	18258383
18259363	18259561
18261002	18261096
18261308	18261388
18262084	18263563
18265330	18265419
18266483	18266548
18266925	18267005
18281407	18281461
18281583	18281869
18281997	18282092
18283042	18283326
18284552	18284611
18285062	18285403
18285580	18285720
18285798	18285895
18285971	18286127
18292540	18292642
18293507	18293640
18294151	18294213
18296623	18296764
18297299	18297377
18297622	18297701
18298771	18298844
18298970	18299063
18299951	18300156
18300769	18300912
18301272	18301352
18301639	18301710
18301832	18301882
18305748	18305834
18306589	18306864
18306971	18307069
18422064	18422229
18425748	18425763
18425780	18425933
18427155	18427233
18429161	18429290
18430370	18430585
18430910	18431036
18431702	18431889
18432808	18432932
18433236	18433324
18501948	18501980
18502065	18502290
18509882	18509969
18510139	18512632
18513042	18513408
18513558	18513733
18514685	18514852
18569498	18569575
18570210	18570248
18570741	18570803
18571607	18571757
18572405	18572553
18580905	18580967
18602472	18602742
18605510	18605669
18608301	18608419
18608611	18608652
18614245	18614420
18615226	18615347
18616911	18617781
18617812	18617992
18651268	18651413
18653168	18653382
18653754	18653944
18797631	18797671
18800878	18800999
18807523	18807640
18808660	18809689
18813170	18815012
18815872	18816019
18817077	18817204
18817450	18817485
18817603	18817877
18818205	18818293
18818529	18818746
18818942	18818990
18819141	18819425
18819431	18819693
18819786	18820273
18820322	18820639
18820651	18820911
18851896	18852025
18852955	18853164
18854691	18854819
18857627	18857798
18858698	18858817
18861911	18862097
18919536	18919595
18929227	18929335
18931589	18931699
18936070	18936322
18941180	18941276
19266890	19266932
19267487	19267530
19268509	19268551
19269317	19269412
19270146	19270247
19276043	19276152
19277027	19277086
19277645	19277704
19278453	19278533
19279168	19279225
19279519	19279622
19280513	19280619
19281260	19281431
19281894	19281956
19282561	19282696
19283245	19283339
19283945	19284087
19285245	19285437
19285593	19285707
19286058	19286194
19286890	19287016
19287611	19287728
19288056	19288185
19288473	19288551
19289237	19289376
19289927	19290080
19290473	19290549
19290725	19290784
19292066	19292219
19292376	19292492
19293487	19293590
19293888	19294055
19294834	19295138
19295368	19295515
19296202	19296310
19296755	19296888
19297183	19297339
19298183	19298262
19299052	19299111
19300188	19300350
19301329	19301445
19301988	19302091
19302513	19302680
19303099	19303403
19303782	19303926
19305034	19305190
19306049	19306179
19307133	19307302
19307855	19308093
19308310	19308539
19309257	19309349
19309855	19310220
19312011	19312100
19312514	19312669
19313651	19313915
19315594	19315751
19317545	19317666
19317908	19318202
19319546	19319935
19320647	19320751
19321293	19321457
19321801	19321929
19322495	19322628
19322837	19322963
19323872	19324107
19324437	19324587
19327453	19327593
19329247	19329328
19329415	19329484
19329920	19330031
19330351	19330464
19330898	19331034
19331305	19331386
19331600	19331713
19331960	19332035
19332591	19332754
19333550	19333595
19334910	19335033
19335649	19335763
19341783	19341874
19342821	19342944
19343200	19343286
19344639	19346265
19857666	19857749
19865550	19865691
19867388	19867783
19870722	19870843
19872051	19872183
19872851	19872958
19874304	19874414
19875636	19875748
19876964	19887178
19890367	19890476
19892943	19893210
19894493	19894612
19895870	19896004
19896364	19896480
19897557	19897716
19899177	19899361
19899822	19900752
19902655	19902827
19904269	19904398
19909659	19909743
19909835	19909885
19910898	19911153
19911802	19912827
19914065	19916062
19916161	19917824
19917846	19917928
19928444	19928524
19930766	19930825
19934634	19934733
19940278	19940375
19943144	19943257
19945162	19945252
19945714	19945793
19946113	19946172
19946761	19946854
19947595	19947690
19948652	19948710
19949343	19949418
19950369	19950715
20154304	20154363
20171789	20171869
20180699	20180760
20187076	20187194
20188384	20188431
20202696	20202748
20206159	20206180
20216139	20216352
20220233	20220370
20221684	20221751
20222503	20222676
20224489	20224665
20225310	20225412
20225529	20225660
20226275	20226361
20226493	20226591
20229909	20229953
20234598	20234631
20235141	20235279
20235759	20235863
20237153	20237279
20238931	20239239
20336611	20336675
20343139	20343293
20353414	20353596
20355496	20355714
20360826	20360927
20362301	20362428
20363155	20363267
20369031	20369158
20370658	20370807
20374986	20375100
20375351	20375435
20377191	20382748
20382784	20384044
20384065	20388122
