21665	21810
21891	22032
23071	23198
24892	25016
25573	25681
26866	26999
27167	27249
28146	28325
30837	30962
34272	34421
36738	36938
38152	38266
38395	38525
39803	39874
42634	42758
42900	43022
44908	44969
45430	45540
46167	46285
46969	47075
48884	48988
49429	49584
50559	50648
52676	52724
52889	53016
53072	53194
67941	68553
68633	68719
69628	69769
70776	70988
72278	72402
72682	72894
72984	73175
73702	73844
73930	74023
74354	74497
74716	75006
75390	75493
75696	75806
75931	75998
76075	76265
76453	76656
76728	78249
185977	186141
187898	187967
190762	190916
194105	194212
195765	196014
199039	199196
200299	200424
201478	201588
205211	205381
206349	206546
207360	207506
208174	208410
210472	210510
212019	212151
213146	213240
214771	214864
215382	215499
216824	217047
218168	218283
220433	220605
222639	222764
223704	223785
225563	225661
226442	226582
227683	227764
229080	229226
230103	230284
253557	253755
254164	254266
255561	255711
256062	256221
257173	257316
258154	258234
259902	260056
260733	260823
261376	261627
263610	263721
264632	264769
265490	266632
295193	295383
295604	295690
295936	296039
296779	296873
297188	297281
298015	298163
298752	298899
299021	299141
299532	299638
299720	300154
300211	300272
306009	306138
309191	309317
311120	311247
311778	311906
312618	312721
313109	313298
317535	319432
339284	339465
340070	340179
341560	341659
342145	342232
342685	342871
345206	345265
347508	347721
349038	349814
350063	350132
350212	350302
350572	350636
350866	350954
351518	351650
351731	351921
352212	352277
352752	352911
353104	353283
353367	353483
353806	354308
354331	354889
363121	363313
363686	363819
363911	364022
364111	364280
364373	364765
365081	365194
423167	423392
424546	424746
425478	425629
428131	428256
428821	428934
430084	430197
431738	431795
434414	442338
442780	443175
443840	444034
444835	444993
445934	446113
567138	567262
567270	567280
568279	568383
569467	569548
570077	570185
570536	570698
570818	570893
571188	571236
651034	651273
659181	659499
660998	661173
661253	661342
663990	664141
667813	667924
668004	668111
670958	671113
673571	673798
872138	872205
872520	872671
873080	873156
873349	873495
881100	881400
882470	882618
883364	883456
883850	884182
884335	884433
995714	995778
999288	999482
999664	999775
1000928	1001471
1001493	1002157
1006418	1008170
1009696	1009854
1010098	1012152
1012175	1012328
1015948	1016272
1059091	1059164
1059193	1059371
1060087	1060199
1063656	1063778
1064465	1064590
1065149	1065245
1065485	1065663
1065992	1066165
1113954	1114075
1114394	1114574
1114675	1114705
1114820	1114981
1115325	1115671
1115690	1115870
1116107	1116238
1116502	1116626
1117070	1117123
1119107	1119175
1123221	1123460
1123873	1123883
1125130	1125505
1126776	1126961
1127187	1127432
1128335	1128524
1128553	1128617
1133539	1133899
1134327	1134667
1134861	1135580
1160676	1161054
1161330	1161441
1161698	1161755
1162402	1163167
1166019	1166075
1166811	1167110
1168032	1168135
1169742	1169924
1170295	1170458
1171421	1171548
1172296	1172532
1172903	1173159
1173776	1173853
1174743	1174799
1175256	1175852
1175971	1176173
1176912	1176960
1177090	1177285
1177620	1177799
1178060	1178144
1178251	1178428
1194996	1195027
1195549	1195725
1196409	1196498
1197171	1197318
1197673	1197852
1198025	1198134
1198761	1198850
1896475	1896779
1898847	1898978
1899335	1899477
1899695	1905903
1905996	1906739
1968346	1968768
1968929	1969118
1969585	1969716
1971656	1971795
1972489	1972578
1972689	1972741
1973112	1973219
1973297	1973537
1973643	1973738
1973853	1974003
1974480	1974862
1975028	1975168
1975246	1975365
1986798	1986970
1987273	1987375
1988317	1988481
1988631	1988822
1989392	1989492
2075237	2075447
2082641	2082797
2288404	2288667
2288988	2289150
2289230	2289417
2289509	2289613
2289710	2289811
2290037	2290240
2291352	2291474
2344390	2344482
2346926	2347018
2347671	2347762
2348527	2348704
2351648	2351746
2352329	2352466
2355868	2356025
2357289	2357520
2359177	2359350
2360052	2360261
2360831	2360988
2362178	2362325
2364168	2364289
2365034	2365175
2366483	2366619
2367194	2367305
2369792	2370418
2371184	2371369
2378559	2378670
2378829	2378890
2379375	2379494
2381384	2381605
2383339	2383432
2383666	2383784
2390812	2391319
2394680	2394826
2396158	2396298
2399745	2399771
2475061	2475439
2479133	2479236
2479571	2479765
2482979	2483033
2483116	2483285
2507480	2507579
2507686	2508217
2509511	2512528
2607299	2608335
2610236	2610455
2612033	2612169
2612584	2612718
2613558	2613718
2615962	2616097
2618248	2618409
2618997	2619158
2619782	2619904
2620891	2621027
2621531	2621712
2622168	2622298
2623267	2623370
2624556	2624682
2625712	2625857
2626197	2626360
2630565	2630616
2631735	2632097
2674176	2674426
2675513	2675826
2676436	2676562
2677247	2677342
2677678	2677813
2678581	2678723
2680182	2680359
2680637	2680750
2693036	2693112
2695994	2696063
2696074	2696472
2697798	2697985
2698355	2698466
2698822	2698911
2702748	2702854
2703421	2703570
2716386	2716420
2716635	2716746
2717316	2717514
2719560	2719666
2721955	2722195
2725132	2725230
2725917	2726980
2727528	2727571
2728145	2728361
2728538	2728713
2729181	2729278
2730065	2730251
2730680	2730861
2731155	2731338
2731516	2731738
2732318	2732475
2732642	2732738
2733162	2733304
2733821	2734029
2734736	2734880
2737035	2737299
2737858	2737966
2738164	2738371
2739218	2739353
2740090	2740200
2740914	2740973
2755700	2755762
2757381	2757446
2758106	2758172
2758569	2758675
2758900	2759026
2759592	2759659
2759756	2759814
2760437	2760569
2760983	2761096
2761352	2761518
2762387	2762513
2762897	2763023
2763350	2763503
2763598	2763757
2763903	2764009
2764608	2764794
2765215	2765372
2766117	2766273
2766946	2767053
2769527	2772561
2838201	2838260
2838764	2838847
2847829	2847965
2848599	2848762
2848969	2849081
2850382	2850445
2851517	2851614
2851945	2852007
2852154	2852285
2852576	2852697
2853363	2853467
2853973	2854098
2854858	2854999
2855657	2855770
2856045	2856110
2856424	2856528
2857950	2858075
2860010	2861787
2863740	2863925
2864637	2864772
2865118	2865280
2865771	2865895
2866193	2866301
2866394	2866501
2866853	2867006
2867285	2867352
2867495	2867616
2867942	2868068
2868251	2868355
2868773	2868875
2869527	2869747
2869886	2870035
2870263	2870459
2870809	2870943
2871598	2872484
2872520	2873866
2873896	2874563
2876432	2876454
2877649	2877820
2878374	2878832
2879474	2879576
2880016	2880127
2880328	2880386
2880821	2880950
2882555	2882662
2883694	2884734
2900684	2900774
2903441	2903594
2905430	2905542
2905640	2905733
2906157	2906431
2906678	2906788
2907409	2907456
2909098	2909123
2911100	2911307
2912407	2912651
2921462	2921564
2924944	2925072
2926147	2926296
2927037	2927130
2927212	2927399
2928147	2928221
2929348	2929599
2930177	2930475
2933595	2933611
2935268	2935371
2936212	2936289
2936518	2936708
2937033	2937113
2937446	2937562
2937773	2937877
2938202	2938372
2938945	2939045
2939500	2939668
2940998	2941090
2942323	2942533
2943075	2943254
2943475	2943605
2944270	2944342
2944834	2944998
2946254	2946384
2946714	2946846
2947451	2949673
2950016	2950167
2950920	2951954
2952669	2952759
2953318	2953444
2955049	2955229
2956622	2956804
2959368	2959584
2960044	2960254
2960380	2960511
2961553	2961654
2962199	2962408
2964641	2964903
2965107	2965240
2965552	2965707
2966295	2966517
2967225	2967299
2968007	2968210
2968686	2968775
2970064	2970204
2971359	2971481
2972076	2972150
2975108	2975213
2976002	2976136
2976713	2976794
2978761	2978808
2979548	2979610
2980853	2981061
2982155	2982402
2983970	2984094
2985597	2985700
2986174	2986316
2987125	2987228
2988539	2988714
2988829	2988952
2989536	2989771
2990539	2990647
2991260	2991420
2992362	2992470
2993235	2993414
2993710	2993829
2994160	2994309
2994459	2994608
2995430	2995526
2997073	2997221
3000215	3000349
3000745	3000912
3001794	3001829
3105622	3105646
3110702	3110835
3115004	3115220
3115942	3116005
3116762	3117465
3122689	3122864
3125135	3125222
3126240	3126303
3127387	3128126
3135624	3135739
3136118	3136334
3139230	3139293
3139604	3140378
3147307	3147313
3148467	3148624
3157452	3157668
3157859	3157922
3158596	3159370
3249107	3249223
3249706	3249802
3250038	3250073
3251087	3251172
3261622	3261732
3307661	3307771
3308683	3310699
3311362	3313111
3574012	3574203
3582672	3582808
3583188	3583358
3584898	3584996
3585344	3585394
3586018	3586182
3602866	3603203
3604817	3605228
3677111	3677308
3677427	3677503
3678480	3680996
3702307	3702436
3702612	3702749
3703293	3703359
3703462	3703598
3703821	3703955
3705660	3706996
3717627	3717776
3719958	3720059
3720514	3720557
3721270	3721542
4011002	4011203
4013197	4013270
4014452	4014553
4018621	4018749
4019299	4019421
4020331	4020404
4021353	4021542
4022510	4022595
4023025	4023141
4024094	4024249
4024368	4024437
4024560	4024617
4025244	4025386
4025806	4025935
4026537	4029602
4035910	4036105
4037298	4037703
4039203	4039275
4039602	4039895
4052333	4052369
4052442	4052538
4052976	4053073
4053806	4053967
4054128	4054413
4054493	4054604
4054943	4055120
4055550	4055683
4056002	4056124
4071330	4071408
4072973	4073186
4073271	4073381
4073457	4073609
4073699	4073783
4073869	4073930
4074015	4074810
4091983	4092313
4092823	4092914
4093049	4093163
4094224	4094310
4095013	4095129
4095319	4095503
4096162	4096765
4097962	4098010
4098091	4098260
4098919	4099136
4099823	4100582
4100603	4101202
4108714	4108821
4109518	4109715
4115442	4115606
4116044	4116162
4116759	4116838
4118103	4118227
4119407	4119583
4120671	4120704
4120901	4121067
4121147	4121559
4123684	4123815
4124306	4124414
4124692	4124883
4124969	4125154
4125903	4126040
4126437	4126558
4126722	4126895
4127529	4127670
4127878	4128009
4128502	4128619
4129063	4129187
4129503	4129734
4129865	4129990
4130103	4130275
4130417	4130591
4131002	4131094
4131495	4131583
4131757	4131890
4132096	4132240
4132434	4132593
4132719	4132798
4132918	4133044
4133347	4133454
4133753	4133890
4134139	4134247
4134674	4134719
4135001	4135196
4135347	4135507
4135601	4135715
4135857	4135874
4136109	4136293
4136334	4136339
4159936	4160085
4161817	4161989
4162311	4162375
4162646	4162801
4163561	4163634
4164388	4164554
4164636	4164762
4166179	4166352
4166474	4166603
4168822	4168868
4169551	4169741
4169844	4170035
4170608	4170792
4171019	4171179
4171829	4172009
4172834	4172950
4173142	4173221
4173380	4173597
4173689	4173878
4174032	4174115
4174211	4174367
4174683	4174768
4175638	4175723
4175805	4175976
4176539	4176718
4177502	4177645
4177811	4179504
4416748	4417233
4417985	4418873
4424622	4424816
4425318	4425491
4425799	4425937
4426508	4426573
4426920	4426996
4427140	4427308
4427588	4427746
4428345	4428572
4428785	4428988
4429492	4429659
4430220	4430393
4430737	4430913
4431343	4431543
4432562	4432598
4432676	4432748
4433348	4433456
4433724	4433862
4434529	4434596
4434805	4434895
4436057	4438125
4438715	4438723
4438743	4438814
4439901	4440347
4441079	4441195
4441947	4442005
4442305	4442407
4442798	4442887
4443065	4443277
4493250	4493402
4493939	4494055
4500321	4500393
4501199	4501302
4502072	4502158
4502681	4502815
4502902	4502979
4504256	4504361
4504832	4504957
4505657	4505848
4506806	4507259
4513433	4513990
4514516	4514694
4514945	4515046
4515389	4515409
4516669	4516965
4524971	4525103
4527864	4527999
4528496	4528583
4528797	4528941
4529501	4529729
4530189	4530599
4531464	4531577
4533734	4533875
4534369	4534469
4535161	4535275
4536828	4536911
4538455	4538511
4538873	4538989
4539098	4539196
4539639	4539752
4540241	4540439
4540658	4540796
4542851	4542950
4543653	4543780
4544138	4544236
4544617	4544852
4545580	4545706
4545993	4546137
4547203	4547337
4547713	4547904
4550092	4550266
4550677	4550823
4551146	4552434
4575379	4575453
4576544	4576723
4577076	4577141
4577912	4578090
4578755	4578866
4578993	4579070
4579183	4579248
4580191	4580266
4580565	4580643
4580932	4581074
4584700	4584833
4585859	4585938
4586308	4586383
4588747	4588826
4590227	4590333
4590767	4590850
4591014	4591194
4591567	4591639
4595596	4596714
4603764	4603910
4604137	4604315
4605299	4605436
4606161	4606409
4611127	4611245
4612299	4612384
4612533	4612662
4613013	4613172
4613798	4613888
4614429	4614547
4615061	4615116
4617718	4617826
4618405	4618471
4619264	4619348
4619610	4619715
4623264	4623378
4623903	4624036
4624533	4624594
4625298	4625443
4625727	4625966
4626357	4626428
4627037	4627158
4627922	4628071
4628407	4628599
4629176	4629294
4629300	4629419
4629635	4629826
4630039	4630078
4635873	4635966
4636377	4636556
4636693	4636758
4637826	4637944
4638946	4639015
4639372	4639506
4639929	4640118
4641997	4642127
4642619	4642752
4643082	4643181
4644096	4644218
4644757	4645070
4646264	4646318
4646408	4646531
4646877	4646910
4647106	4647172
4647917	4648238
4706018	4706138
4712263	4712348
4712973	4713075
4714325	4714422
4717220	4717311
4718734	4720592
5015878	5016151
5016889	5017052
5017364	5017504
5018187	5018357
5018710	5020633
5295772	5295874
5304392	5304498
5307082	5307276
5310876	5310973
5312753	5312848
5313870	5313974
5316051	5316269
5319782	5319846
5320265	5320365
5320404	5320541
5320932	5321076
5323784	5323940
5326015	5326169
5326672	5326798
5329613	5329785
5330578	5330752
5331320	5331386
5333088	5333326
5349223	5349292
5350123	5350161
5350301	5350468
5352313	5352477
5355689	5355815
5357979	5358153
5409374	5409527
5410569	5410714
5414228	5414338
5415592	5415705
5416934	5417020
5417820	5417967
5418279	5418310
5578724	5579027
5585743	5585855
5586400	5586467
5586824	5587044
5587840	5587922
5589232	5589369
5590284	5590436
5590989	5591200
5591529	5595335
5622789	5622911
5625299	5625430
5627368	5627449
5629801	5629976
5632361	5632458
5635719	5635805
5636243	5636378
5636890	5636977
5638756	5638835
5639363	5639452
5642651	5642766
5643845	5643932
5770531	5770656
5771114	5771229
5772688	5772965
5773344	5773645
5775465	5775695
5777543	5777731
5892604	5892721
5895992	5896077
5896592	5896696
5897525	5897624
5898138	5898216
5898323	5898458
5901091	5901210
5901416	5901565
5902332	5902712
5947207	5947399
5952505	5952651
5953502	5953702
5954686	5954786
5955794	5955964
5957759	5957852
5961160	5961363
5962325	5962445
5963641	5963812
5964070	5964177
5965371	5965529
5966266	5966358
5966809	5966909
5967216	5967313
5967635	5967817
5968592	5968699
5968875	5968999
5969434	5969518
5969948	5970094
5970977	5971056
5975529	5976576
5979172	5979269
5980312	5981574
5982424	5982527
5983246	5983387
5991322	5991486
5995192	5995271
5995433	5995530
5996009	5996226
5996771	5997136
5998331	5998585
5998969	5999070
6044873	6044935
6045153	6045333
6045462	6045703
6528650	6528692
6529201	6529624
6531268	6531511
6532455	6532631
6536628	6536684
6537194	6537296
6542854	6542931
6543806	6544073
6549316	6549529
6554671	6555968
6559474	6559558
6563312	6563481
6565838	6565915
6571426	6571595
6572419	6572593
6573345	6573575
6574615	6574789
6577296	6577430
6588768	6588896
6589139	6589190
6589587	6589756
6590573	6590629
6591046	6591234
6591463	6591602
6591709	6591861
6592245	6592374
6593082	6593156
6594010	6594155
6597699	6597772
6598543	6598644
6599163	6599302
6694393	6694535
6696618	6696844
6697299	6697394
6699108	6699189
6700127	6702444
6741092	6741253
6744662	6744840
6746084	6746369
6748607	6748664
6749283	6749405
6753135	6753164
6754512	6754707
6756186	6756394
6756685	6756834
6756933	6757118
6758201	6758449
6759303	6759424
6760157	6760319
6761433	6761483
6763123	6763280
6763905	6764053
6764529	6764755
6765055	6765225
6765801	6765946
6766540	6766675
6766934	6767118
6767744	6767930
6768717	6768733
6772830	6773009
6938627	6938712
6944327	6944570
6946435	6947040
6953987	6954082
6954708	6954868
6955314	6955438
6957186	6957338
6957422	6957547
6959246	6959347
6959662	6959778
6960062	6960189
6960800	6961027
6982846	6982855
6985872	6985967
6987798	6987856
6988472	6988541
6988727	6988860
6988988	6989210
6990719	6990916
6991149	6991350
6991491	6991599
6992001	6992059
6992526	6992986
7324934	7325152
7325837	7325953
7326352	7326573
7331439	7331542
7332212	7332300
7333403	7333503
7334948	7334956
7335615	7335950
7509588	7509600
7510269	7510490
7512574	7513034
7517352	7517463
7520698	7521027
7522518	7522738
7523636	7523899
7525891	7525981
7531087	7531183
7531736	7531900
7532344	7532506
7533624	7533736
7535264	7535651
7537549	7537655
7539408	7539511
7539717	7539991
7610974	7611771
7731037	7731158
7731818	7732316
7736014	7736280
7736741	7737439
7738086	7738289
7738409	7738529
7739370	7740295
