cycle,N,Nm,Nf,g,pi,mean_fitness,mean_froh,B,het,m2_ind,m3_ind,m4_ind,m5_ind,m6_ind
1000,26869,8147,6044,2.1422,3.13212e-06,0.402338,0.201204,0.0208185,3.13206e-06,1.80863,0.762998,0.400424,0.128624,0.0106815
2000,31931,9911,7100,2.14073,6.16698e-06,0.423918,0.0380184,0.0224,6.16689e-06,3.07688,0.933012,0.556575,0.108077,0.0123391
3000,28150,8749,6303,2.15805,9.30672e-06,0.450377,0.0194124,0.0157562,9.30655e-06,4.31798,0.923055,0.644583,0.0574423,0.00717584
4000,27986,8586,6325,2.1517,1.23839e-05,0.378039,0.0162379,0.0186878,1.23837e-05,5.66458,1.12085,0.681877,0.0911885,0.00696777
5000,28318,8651,6303,2.1201,1.53881e-05,0.392325,0.0152151,0.0210209,1.53879e-05,7.21206,1.26213,0.701109,0.140017,0.00702733
6000,33807,10310,7668,2.12782,1.82766e-05,0.595091,0.0149437,0.0209826,1.82764e-05,7.99471,1.3725,0.620936,0.140267,0.00686248
7000,27956,8569,6172,2.13724,2.11231e-05,0.430217,0.0145305,0.01584,2.11228e-05,9.21759,1.38979,0.566319,0.081521,0.0059379
8000,31711,9759,7127,2.15824,2.40576e-05,0.410822,0.0139815,0.0238655,2.40572e-05,11.3474,1.39245,0.598594,0.143263,0.00397338
9000,32068,10052,7159,2.14107,2.70001e-05,0.573442,0.0137106,0.0278123,2.69996e-05,12.559,1.47409,0.526912,0.142354,0.020706
10000,30856,9579,6915,2.1449,2.99118e-05,0.481405,0.0138278,0.0288472,2.99113e-05,14.1343,1.41127,0.584781,0.144445,0.0199961
11000,28378,8768,6402,2.13856,3.26311e-05,0.466446,0.0137236,0.0311669,3.26305e-05,14.3016,1.34294,0.789309,0.103143,0.0261823
12000,30333,9321,6815,2.15859,3.53518e-05,0.417057,0.0135341,0.0286393,3.53512e-05,16.4485,1.42907,0.755843,0.154782,0.0139122
13000,36228,11134,8229,2.15075,3.81015e-05,0.464315,0.0132976,0.0207961,3.81009e-05,18.0249,1.36303,0.61331,0.17158,0.000855692
14000,28924,9019,6488,2.10279,4.07489e-05,0.376352,0.0128121,0.0226392,4.07481e-05,18.7762,1.49848,0.568697,0.119209,0.0142442
15000,34971,11036,7798,2.15552,4.33356e-05,0.479654,0.0132123,0.0237995,4.3335e-05,20.4135,1.619,0.626062,0.194418,0.00797804
16000,28674,8995,6364,2.16668,4.60765e-05,0.402893,0.0132011,0.0229815,4.60756e-05,22.5719,1.54056,0.562844,0.188603,0.00530097
17000,29463,9091,6522,2.13322,4.86269e-05,0.384169,0.0128199,0.0245958,4.86261e-05,22.9854,1.63744,0.562095,0.144894,0.0127278
18000,34164,10595,7639,2.16085,5.1059e-05,0.461261,0.0121608,0.0174024,5.10583e-05,25.0345,1.57113,0.463851,0.144421,0.000321976
19000,26656,8115,6046,2.13135,5.35738e-05,0.435265,0.0121191,0.0338178,5.35728e-05,23.8499,1.81325,0.514481,0.13663,0.0326756
20000,35085,10865,7905,2.14417,5.61287e-05,0.509251,0.0117501,0.0285877,5.61279e-05,25.4038,1.7866,0.722588,0.127376,0.0173863
21000,33588,10375,7563,2.13374,5.84796e-05,0.504527,0.0120592,0.0212444,5.84787e-05,25.9142,1.64014,0.697571,0.150709,0.00285816
22000,34614,10611,7797,2.1463,6.09135e-05,0.450436,0.0118942,0.0199036,6.09127e-05,26.7235,1.66716,0.724765,0.081181,0.0112671
23000,30347,9393,6861,2.11948,6.31997e-05,0.37157,0.0109993,0.0210864,6.31987e-05,27.8394,1.45523,0.727617,0.111378,0.0100175
24000,31306,9658,7126,2.12339,6.55525e-05,0.527958,0.0113807,0.0163926,6.55514e-05,28.129,1.40516,0.613173,0.117358,0.000766626
25000,33349,10305,7451,2.13218,6.80135e-05,0.43162,0.0120613,0.0226555,6.80125e-05,29.6234,1.25146,0.614111,0.0779334,0.0168821
26000,28040,8608,6304,2.12694,7.02647e-05,0.432955,0.012014,0.0287431,7.02635e-05,30.5461,1.50496,0.69893,0.126783,0.0222183
27000,32044,9847,7193,2.15681,7.26149e-05,0.559028,0.0112641,0.0267948,7.26138e-05,31.3944,1.59212,0.4775,0.157877,0.0190363
28000,33021,10069,7429,2.11658,7.48633e-05,0.42578,0.0116846,0.0395214,7.48622e-05,33.5589,1.32585,0.551013,0.321583,0.0168983
29000,32360,10189,7176,2.13948,7.7091e-05,0.486291,0.0114206,0.0241948,7.70898e-05,34.8813,1.42182,0.560074,0.213937,0.00299753
30000,34471,10683,7774,2.16541,7.9132e-05,0.416797,0.0113873,0.0235064,7.91308e-05,36.9112,1.45676,0.510052,0.154188,0.00873198
31000,32988,9938,7476,2.12478,8.12871e-05,0.470352,0.00976361,0.030251,8.12859e-05,38.28,1.58036,0.657936,0.21238,0.00945798
32000,30299,9492,6718,2.14725,8.33813e-05,0.413181,0.00938338,0.0299719,8.33799e-05,40.0855,1.49883,0.623552,0.262814,0.00485165
33000,33198,10153,7438,2.1204,8.53564e-05,0.537243,0.0103776,0.0258019,8.53551e-05,39.7248,1.46509,0.723297,0.169709,0.00988011
34000,27725,8535,6243,2.1059,8.73456e-05,0.423632,0.0110881,0.0212877,8.7344e-05,40.3183,1.44501,0.667881,0.0697565,0.0159423
35000,31951,9894,7123,2.13651,8.94494e-05,0.40207,0.0113924,0.0168181,8.9448e-05,41.845,1.5095,0.567275,0.112829,0.00353667
36000,29443,9060,6649,2.15131,9.14755e-05,0.432537,0.0115766,0.0312894,9.14739e-05,44.3808,1.69045,0.639779,0.0658561,0.0366471
37000,29120,8980,6506,2.15382,9.3326e-05,0.365727,0.0114761,0.0272218,9.33244e-05,47.0267,1.55285,0.708345,0.135714,0.0200549
38000,32631,10168,7269,2.17016,9.51931e-05,0.453739,0.0117344,0.0224933,9.51916e-05,47.7711,1.53872,0.727376,0.0831724,0.0156906
39000,31963,10098,7123,2.14418,9.70063e-05,0.581977,0.0122239,0.0333485,9.70048e-05,48.1523,1.51413,0.833777,0.140475,0.0269687
40000,37491,11592,8378,2.14051,9.88483e-05,0.623008,0.0112217,0.0258249,9.8847e-05,49.9663,1.45619,0.782108,0.130458,0.0137366
41000,31706,9783,7127,2.15784,0.000100865,0.490457,0.0112977,0.0221045,0.000100863,50.7708,1.32729,0.64543,0.140951,0.00993503
42000,35119,10770,7939,2.15281,0.000102932,0.521868,0.0127355,0.0264059,0.00010293,52.8077,1.47615,0.744042,0.119707,0.0194482
43000,31428,9823,7007,2.14522,0.000104865,0.509816,0.0131244,0.0342699,0.000104863,53.1492,1.45094,0.831424,0.165394,0.029846
44000,34884,10758,7830,2.13224,0.000106606,0.506827,0.0127171,0.0265701,0.000106605,56.9916,1.77732,0.640695,0.113949,0.0213565
45000,32724,10137,7340,2.1177,0.000108324,0.469771,0.0124706,0.0218258,0.000108323,58.5259,1.85812,0.70022,0.14659,0.00525608
46000,30264,9253,6738,2.12663,0.000110056,0.511563,0.012168,0.0283791,0.000110054,59.1788,2.16118,0.738898,0.181172,0.0122588
47000,31821,9745,7198,2.15346,0.000111724,0.47964,0.0123241,0.0355091,0.000111722,59.7196,1.87031,0.696081,0.11417,0.0363596
48000,31091,9664,7010,2.14993,0.000113573,0.466762,0.0123221,0.0220973,0.000113571,60.4893,1.88071,0.714483,0.0862307,0.0120292
49000,34378,10608,7807,2.12528,0.000115294,0.606968,0.0126764,0.029878,0.000115292,62.5228,1.66438,0.684158,0.0837454,0.0292047
50000,34239,10650,7707,2.14272,0.00011691,0.521488,0.0121514,0.0205842,0.000116908,61.8033,1.63115,0.660679,0.0769006,0.0136686
51000,33647,10464,7541,2.15551,0.000118411,0.432895,0.0125285,0.0199547,0.00011841,64.8779,1.58014,0.612447,0.108271,0.00980771
52000,31484,9740,7057,2.14032,0.000120052,0.480301,0.0121879,0.0210071,0.00012005,66.2495,1.6145,0.638165,0.178249,0.00200102
53000,29310,9158,6544,2.12616,0.000121738,0.402601,0.0124453,0.0242144,0.000121736,66.8106,1.73593,0.733367,0.11914,0.0137496
54000,30853,9341,6990,2.13943,0.000123505,0.447024,0.0126598,0.0226248,0.000123503,67.4965,1.85035,0.765339,0.141737,0.00262535
55000,32407,9945,7307,2.11251,0.000125077,0.47525,0.0126882,0.0221392,0.000125075,67.6787,1.5027,0.742093,0.0970469,0.0120344
56000,28313,8671,6315,2.11844,0.000126645,0.365593,0.0121476,0.0239939,0.000126643,66.809,1.31597,0.783668,0.0756543,0.0186134
57000,32468,10080,7236,2.14842,0.000128238,0.502085,0.0114578,0.0276356,0.000128236,67.8138,1.47012,0.705495,0.0931379,0.0236233
58000,29372,9024,6558,2.13156,0.000129564,0.436358,0.0102964,0.0264837,0.000129562,68.0003,1.33648,0.518657,0.170877,0.0142312
59000,35773,11209,7989,2.12027,0.000131255,0.551937,0.0105326,0.0174843,0.000131253,71.0424,1.5432,0.685797,0.134403,0.0010343
60000,26773,8232,6056,2.13032,0.000132799,0.362136,0.010899,0.0252093,0.000132796,71.8716,1.55567,0.723938,0.185635,0.00941247
61000,33631,10526,7527,2.1515,0.000134361,0.432736,0.0113708,0.0169223,0.000134359,72.9287,1.54765,0.686212,0.0768339,0.00761202
62000,31581,9684,7049,2.13781,0.000135839,0.442865,0.0110985,0.0226396,0.000135836,73.7245,1.54428,0.773756,0.0951205,0.0118742
63000,41097,12727,9260,2.12944,0.00013748,0.742403,0.0116761,0.0292973,0.000137478,74.4035,1.579,0.763243,0.202132,0.00968441
64000,26522,8241,6019,2.13499,0.00013877,0.46713,0.0125797,0.0416114,0.000138767,76.3903,1.42516,0.639771,0.141354,0.044416
65000,31921,9890,7157,2.13187,0.000140223,0.339666,0.0118552,0.0294669,0.000140221,76.4578,1.66317,0.65637,0.262272,0.00632812
66000,30709,9435,6890,2.14352,0.000141467,0.477897,0.0120839,0.0292781,0.000141465,79.3746,1.39897,0.690905,0.155655,0.0179101
67000,30676,9547,6826,2.1384,0.000143136,0.458127,0.011923,0.028574,0.000143134,82.6506,1.57371,0.54616,0.122604,0.0251337
68000,33063,10217,7475,2.12904,0.000144559,0.467888,0.0121713,0.0256068,0.000144556,85.1155,1.2641,0.550162,0.165956,0.00943653
69000,29520,9001,6635,2.143,0.000145948,0.42365,0.0130761,0.0342139,0.000145946,85.054,1.2438,0.590617,0.13147,0.034519
70000,30618,9336,6900,2.13341,0.000147204,0.525681,0.0125857,0.0146117,0.000147202,84.8659,1.41257,0.524397,0.0484029,0.00872036
71000,30766,9362,6929,2.14278,0.000148361,0.383108,0.0124912,0.0195358,0.000148359,87.7015,1.70812,0.623383,0.102126,0.00682572
72000,27431,8526,6163,2.15413,0.000149693,0.404416,0.0121838,0.0263525,0.00014969,91.8823,1.7291,0.772192,0.0956582,0.0182276
73000,31128,9472,7093,2.12538,0.000151159,0.395099,0.0116901,0.0244069,0.000151157,90.4224,1.73535,0.765484,0.150957,0.00632871
74000,34459,10755,7724,2.14622,0.000152401,0.505442,0.0114458,0.0200452,0.000152399,91.3544,1.69752,0.658957,0.113962,0.00908326
75000,30895,9531,6912,2.12662,0.00015386,0.458674,0.0115189,0.0198629,0.000153857,90.7299,1.41567,0.646901,0.141738,0.00184496
76000,31089,9610,6956,2.14421,0.000155043,0.470508,0.011562,0.0237218,0.000155041,90.8325,1.44385,0.568497,0.100904,0.0155682
77000,36823,11157,8288,2.14492,0.0001561,0.503149,0.0109693,0.0295056,0.000156098,93.2166,1.80958,0.595633,0.161285,0.0219157
78000,33294,10329,7506,2.14814,0.000157252,0.46452,0.0109415,0.0248469,0.00015725,94.1996,1.65949,0.661501,0.130414,0.012705
79000,27667,8446,6233,2.13005,0.000158409,0.497442,0.0107,0.0267584,0.000158406,95.7549,1.65085,0.718112,0.160119,0.0137348
80000,33159,10378,7470,2.14708,0.000159584,0.495998,0.0100286,0.0199452,0.000159582,97.9736,1.84936,0.616364,0.0963841,0.0106155
81000,32849,10216,7303,2.15709,0.000160864,0.485018,0.0102626,0.0201513,0.000160861,100.796,1.66428,0.662821,0.115285,0.00487077
82000,35704,10963,8016,2.14442,0.000161955,0.47939,0.00917317,0.0290816,0.000161953,101.124,1.43785,0.695552,0.25619,0.00557361
83000,34983,10656,7847,2.14117,0.000163112,0.522493,0.00917209,0.0273109,0.00016311,101.977,1.33013,0.686333,0.213275,0.00943315
84000,27296,8271,6252,2.15761,0.000164248,0.375854,0.0085752,0.0217659,0.000164245,104.136,1.32913,0.704169,0.16017,0.00216149
85000,31431,9637,7061,2.14822,0.000165518,0.413119,0.00817654,0.0252012,0.000165515,104.992,1.24269,0.598199,0.162292,0.00773122
86000,29622,9037,6689,2.13112,0.000166798,0.447928,0.00800247,0.0290648,0.000166795,104.867,1.41111,0.543211,0.184052,0.0181622
87000,37492,11660,8397,2.15586,0.000167912,0.518202,0.00784982,0.0224723,0.00016791,105.42,1.34983,0.527232,0.151739,0.00826843
88000,33026,10134,7404,2.12373,0.000168877,0.494953,0.00709369,0.0310459,0.000168875,108.828,1.20393,0.767486,0.229668,0.00941682
89000,35603,10897,8004,2.14221,0.000169999,0.530418,0.00675904,0.0390384,0.000169997,109.344,1.08893,0.842766,0.189844,0.0297728
90000,31069,9495,7146,2.14302,0.000171104,0.422195,0.00650475,0.0226788,0.000171102,111.63,1.14326,0.60327,0.176864,0.00572918
91000,31386,9676,7171,2.11747,0.000172024,0.457701,0.00605871,0.0273519,0.000172021,114.07,1.23673,0.585165,0.129994,0.0180972
92000,30581,9498,6868,2.13485,0.000172931,0.404804,0.00632154,0.0182154,0.000172928,114.614,1.21739,0.782512,0.0808345,0.00601681
93000,31379,9689,7029,2.1298,0.000173869,0.43093,0.00535717,0.0180714,0.000173866,115.103,1.4772,0.807865,0.0515631,0.00863635
94000,28592,8816,6458,2.15458,0.00017499,0.497221,0.00573006,0.0189132,0.000174987,116.959,1.7799,0.759198,0.0479855,0.009723
95000,39170,12106,8793,2.15092,0.000175919,0.574216,0.00593252,0.0142677,0.000175917,116.826,1.89385,0.706995,0.0674751,0.0023998
96000,28652,8884,6369,2.15538,0.000176884,0.373955,0.00575306,0.0207646,0.000176881,116.77,1.75764,0.802178,0.0962236,0.00687561
97000,29499,9142,6585,2.13207,0.000177941,0.493849,0.00536683,0.0256581,0.000177938,117.695,1.37228,0.775687,0.13014,0.0127123
98000,27017,8347,6082,2.12731,0.000178945,0.40728,0.00510161,0.0332798,0.000178942,118.089,1.32879,0.736573,0.210941,0.0169153
99000,30092,9433,6640,2.15162,0.00017985,0.460411,0.00577946,0.0277982,0.000179847,117.189,1.37575,0.781171,0.12279,0.0164496
100000,29956,9204,6686,2.13537,0.000180669,0.497128,0.00617997,0.0232957,0.000180666,115.901,1.25421,0.542195,0.158966,0.0123848
101000,31878,9734,7195,2.14301,0.00018151,0.484688,0.00662325,0.0232144,0.000181507,116.889,1.33117,0.638748,0.128741,0.0113244
102000,25238,7635,5661,2.10469,0.000182324,0.363394,0.00655728,0.0315363,0.00018232,118.063,1.25767,0.634123,0.136817,0.0263888
103000,29873,9173,6753,2.12288,0.000183074,0.425021,0.00651438,0.0178626,0.000183071,120.343,1.26616,0.645868,0.117397,0.000836876
104000,32897,10236,7347,2.14645,0.000184078,0.437119,0.00562125,0.0178599,0.000184075,121.654,1.2837,0.615588,0.0793385,0.00881539
105000,33554,10295,7497,2.13208,0.00018523,0.494834,0.00563626,0.0248305,0.000185227,121.469,1.38797,0.635364,0.122906,0.0127258
106000,31914,9773,7171,2.12801,0.000185868,0.459592,0.00532945,0.0247267,0.000185865,119.689,1.46641,0.654697,0.124992,0.0163251
107000,32508,10028,7258,2.14671,0.000186574,0.490984,0.00515634,0.0240572,0.000186571,118.753,1.56626,0.687154,0.127046,0.0150425
108000,35781,10915,8057,2.13399,0.000187369,0.457867,0.00492797,0.0292975,0.000187366,119.259,1.55323,0.636483,0.171348,0.0155949
109000,36980,11392,8377,2.15251,0.000188247,0.611475,0.00492835,0.0250421,0.000188244,122.047,1.59573,0.827069,0.120849,0.0117361
110000,32902,10157,7308,2.12831,0.000189056,0.425138,0.00461528,0.0236072,0.000189053,126.727,1.42195,0.814175,0.114674,0.00954349
111000,35190,10842,7916,2.14346,0.000189861,0.544936,0.00440447,0.0198246,0.000189858,127.01,1.50267,0.725973,0.0860188,0.00798522
112000,33412,10437,7379,2.14066,0.000190603,0.493387,0.00470479,0.0187925,0.0001906,126.776,1.45328,0.690261,0.10173,0.00380103
113000,29971,9131,6742,2.13866,0.000191308,0.363811,0.00461626,0.0297848,0.000191305,127.378,1.55994,0.648527,0.189383,0.0133129
114000,27040,8568,6064,2.13963,0.000192207,0.412756,0.00445848,0.022913,0.000192204,128.595,1.64686,0.51605,0.147707,0.00931953
115000,44725,13758,10118,2.13302,0.000192864,0.652541,0.00450602,0.0302075,0.000192862,130.463,1.54607,0.734131,0.175048,0.0160313
116000,37926,11800,8444,2.13965,0.00019365,0.495916,0.00441524,0.0258707,0.000193648,129.459,1.73084,0.773665,0.148763,0.0101777
117000,27480,8373,6197,2.12539,0.000194579,0.449397,0.0045877,0.0272651,0.000194576,132.181,1.81779,0.718523,0.142103,0.0137191
118000,30856,9681,6819,2.14988,0.000195275,0.413638,0.0049656,0.0225579,0.000195272,131.528,1.93327,0.832156,0.113981,0.00606041
119000,31104,9561,6953,2.15266,0.000195906,0.481737,0.00523208,0.0203156,0.000195903,131.646,1.74836,0.789223,0.118377,0.00340792
120000,31480,9465,7105,2.13223,0.00019667,0.427071,0.00542274,0.0262296,0.000196667,130.669,1.47414,0.868964,0.153018,0.0112452
121000,26536,7982,6060,2.1336,0.000197278,0.403761,0.00508853,0.0336848,0.000197274,131.958,1.32126,0.855442,0.209677,0.0169581
122000,30795,9518,6974,2.14583,0.00019791,0.379916,0.00546079,0.0246995,0.000197907,132.532,1.49839,0.786102,0.133561,0.0084754
123000,26434,8238,5977,2.15864,0.000198669,0.409346,0.0057065,0.0218149,0.000198665,132.371,1.56874,0.614966,0.122494,0.00612847
124000,28894,8927,6568,2.1274,0.000199514,0.48446,0.00514689,0.0225071,0.00019951,132.195,1.72544,0.593756,0.121617,0.00681802
125000,28965,8891,6485,2.13651,0.000200168,0.403161,0.00532547,0.0211784,0.000200165,133.635,1.68148,0.535854,0.138961,0.00939064
126000,32286,10151,7184,2.14197,0.00020088,0.378752,0.00499865,0.0276723,0.000200876,135.29,1.89299,0.678498,0.149074,0.0153937
127000,30350,9345,6859,2.13059,0.000201468,0.418773,0.0059663,0.0319022,0.000201465,135.633,1.68998,0.586194,0.124712,0.0269193
128000,29096,8907,6570,2.14531,0.000202206,0.452354,0.00615193,0.0276444,0.000202202,135.402,1.42233,0.635345,0.105203,0.0235084
129000,30530,9337,6843,2.11224,0.000203079,0.434546,0.00561849,0.0258858,0.000203075,135.037,1.24216,0.70511,0.0893547,0.0229938
130000,31146,9849,6905,2.14611,0.000203851,0.479856,0.00617421,0.0192422,0.000203848,136.7,1.25628,0.70298,0.122712,0.004206
131000,27904,8631,6245,2.16577,0.000204376,0.449719,0.00622971,0.0214267,0.000204372,139.706,1.52928,0.746667,0.102279,0.00999857
132000,27392,8526,6063,2.14141,0.00020502,0.460463,0.00645519,0.0281591,0.000205017,140.047,1.67527,0.64935,0.137522,0.018144
133000,32068,9847,7253,2.16912,0.00020568,0.430833,0.0059578,0.0256211,0.000205677,139.993,1.69649,0.630722,0.0739678,0.0236996
134000,30125,9343,6682,2.14271,0.000206434,0.381614,0.00573524,0.0248895,0.000206431,141.923,1.61125,0.492946,0.137859,0.015668
135000,32395,9820,7288,2.12468,0.00020698,0.449741,0.00546626,0.0329124,0.000206977,146.259,1.44575,0.609261,0.166137,0.0280908
136000,33292,10380,7457,2.14655,0.000207727,0.502608,0.00570514,0.020697,0.000207724,147.173,1.28145,0.706116,0.110267,0.00675838
137000,30872,9542,6961,2.12864,0.000208316,0.450305,0.00545012,0.0197714,0.000208313,149.454,1.46149,0.649812,0.079943,0.0109484
138000,31876,9878,7236,2.14094,0.000209045,0.461198,0.0043976,0.0254494,0.000209042,148.275,1.33458,0.651682,0.132984,0.0144309
139000,31661,9823,7108,2.13697,0.000209558,0.434903,0.00449076,0.0341114,0.000209555,148.616,1.31307,0.772812,0.179969,0.0225198
140000,25993,8091,5900,2.14609,0.000210161,0.414095,0.00434814,0.031718,0.000210157,148.105,1.35852,0.664371,0.0879852,0.0338553
141000,35834,10949,8078,2.1265,0.000210468,0.546484,0.00406734,0.0160289,0.000210465,148.969,1.60311,0.565496,0.0971982,0.00253949
142000,34321,10579,7667,2.15017,0.000211079,0.443053,0.00411678,0.0203214,0.000211076,148.642,1.63288,0.602255,0.0939658,0.00949856
143000,29672,9094,6756,2.1364,0.000211579,0.381621,0.00406935,0.016495,0.000211576,150.343,1.68496,0.558338,0.111351,0.00262874
144000,24417,7663,5474,2.1374,0.00021194,0.46591,0.00411707,0.0219834,0.000211936,152.687,1.63591,0.716837,0.0722857,0.0156858
145000,35185,10871,7865,2.16172,0.000212387,0.48512,0.00356862,0.0215181,0.000212384,151.939,1.60546,0.768197,0.100668,0.0125622
146000,30135,9252,6760,2.14458,0.000212861,0.472676,0.00325195,0.0250708,0.000212857,152.956,1.65711,0.690194,0.134594,0.0114485
147000,32835,10084,7388,2.09947,0.000213734,0.463778,0.00357532,0.0254207,0.000213731,152.394,1.53708,0.659571,0.0843917,0.0207705
148000,30006,9405,6777,2.12854,0.000214054,0.482397,0.00362967,0.0281693,0.000214051,155.961,1.56382,0.722855,0.116977,0.0203626
149000,27824,8568,6208,2.1158,0.000214598,0.456048,0.00342206,0.0299683,0.000214594,157.436,1.61832,0.819257,0.112313,0.0249425
150000,26235,8070,5921,2.16132,0.000215313,0.354519,0.00331547,0.0382883,0.000215309,157.811,1.71195,0.836935,0.133676,0.0349914
151000,29846,8949,6850,2.10532,0.000215713,0.40811,0.00367436,0.0280833,0.00021571,159.045,1.54731,0.724084,0.13439,0.0205388
152000,30221,9246,6814,2.13792,0.000216162,0.386751,0.00421137,0.0248869,0.000216159,158.777,1.63949,0.743357,0.171272,0.00909963
153000,29878,9027,6774,2.15271,0.000216807,0.431791,0.00398932,0.0261506,0.000216803,160.198,1.74965,0.764208,0.112993,0.0193788
154000,28099,8675,6282,2.12636,0.000217373,0.384181,0.00407718,0.0244665,0.000217369,161.647,1.93146,0.833197,0.158333,0.00758034
155000,30669,9308,6992,2.13607,0.000217726,0.389018,0.0043148,0.0271725,0.000217722,163.199,1.84385,0.794255,0.176008,0.00926016
156000,32131,9987,7167,2.15227,0.000218258,0.461469,0.00403399,0.0239093,0.000218255,166.621,1.64302,0.557343,0.132302,0.012698
157000,29826,9092,6678,2.15479,0.000218772,0.374487,0.00433436,0.0343507,0.000218768,165.928,1.71649,0.469154,0.136793,0.0317508
158000,29019,9094,6450,2.1452,0.000218994,0.431301,0.00520245,0.0260037,0.000218991,166.18,1.65616,0.488645,0.1152,0.0200903
159000,33696,10468,7609,2.1565,0.000219258,0.547754,0.00541972,0.0158353,0.000219255,166.249,1.84538,0.596451,0.0973113,0.00299739
160000,33245,10349,7468,2.12926,0.000219705,0.504628,0.0062595,0.0212968,0.000219702,164.606,1.64626,0.629358,0.133133,0.00493307
161000,30356,9329,6822,2.13491,0.000220177,0.4289,0.00597207,0.0189862,0.000220173,164.254,1.38941,0.494169,0.17756,0.00095533
162000,30552,9370,6853,2.12396,0.000220776,0.484606,0.00468268,0.0246628,0.000220773,165.244,1.38993,0.726172,0.142249,0.0125687
163000,28350,8735,6369,2.14089,0.000221201,0.438947,0.00524536,0.0279632,0.000221197,164.689,1.20501,0.746737,0.15231,0.0175309
164000,30124,9254,6767,2.14993,0.000221741,0.404341,0.00488266,0.0188555,0.000221737,165.787,1.22437,0.697782,0.119838,0.00225734
165000,32106,9858,7339,2.13648,0.000222026,0.485484,0.00518092,0.0247642,0.000222023,168.64,1.33835,0.763502,0.121317,0.0122096
166000,31098,9511,7123,2.14038,0.000222505,0.446863,0.00526446,0.029057,0.000222502,170.786,1.34841,0.710689,0.143064,0.0194225
167000,26891,8340,6063,2.12761,0.000222917,0.418124,0.00465699,0.0357363,0.000222913,171.004,1.22238,0.807333,0.182143,0.0280763
168000,31203,9661,6925,2.12794,0.000223304,0.431669,0.00419777,0.0278092,0.0002233,172.661,1.29677,0.712079,0.114893,0.0207993
169000,35606,10991,7999,2.1376,0.000223996,0.48598,0.00325556,0.0273508,0.000223992,174.896,1.14472,0.713138,0.215666,0.00668427
170000,32014,9845,7121,2.13881,0.000224732,0.459056,0.00309874,0.0245608,0.000224729,174.942,1.39683,0.734647,0.19682,0.00406072
171000,36835,11169,8288,2.1509,0.000224897,0.487918,0.00290363,0.0233389,0.000224894,176.816,1.29328,0.67406,0.135143,0.00952898
172000,31947,9894,7158,2.13553,0.000225065,0.489594,0.00308755,0.0419508,0.000225062,177.772,1.51285,0.664225,0.217235,0.0359345
173000,29852,9180,6667,2.14981,0.000225638,0.440279,0.00290167,0.0318037,0.000225634,179.612,1.61932,0.713755,0.168933,0.0213051
174000,29293,8942,6643,2.12467,0.000225861,0.428148,0.00272889,0.0260625,0.000225857,180.404,1.58171,0.623391,0.10354,0.0203462
175000,26955,8473,6010,2.15432,0.000226529,0.482387,0.00323503,0.0219542,0.000226525,182.672,1.61495,0.689557,0.0651827,0.0155815
176000,29052,8990,6522,2.12519,0.000226687,0.463269,0.00386469,0.0251741,0.000226683,183.99,1.54289,0.60939,0.119613,0.0184497
177000,32574,10012,7361,2.11967,0.000226898,0.44481,0.00381368,0.0221421,0.000226895,186.718,1.79438,0.642813,0.147572,0.00211825
178000,24134,7411,5394,2.13698,0.000227555,0.340015,0.00432186,0.0235517,0.00022755,188.975,1.80749,0.653145,0.128615,0.00849424
179000,30119,9379,6757,2.1475,0.00022771,0.408266,0.00370159,0.0390123,0.000227707,189.394,1.72768,0.558053,0.167668,0.0314087
180000,31516,9777,6990,2.13425,0.000227885,0.446415,0.00327091,0.0245975,0.000227881,191.186,1.95748,0.667217,0.133202,0.012565
181000,31215,9496,7065,2.1067,0.000228301,0.510024,0.00316933,0.0193016,0.000228298,190.703,1.96543,0.575236,0.118341,0.00323562
182000,32253,9990,7232,2.13709,0.000228631,0.516044,0.00307074,0.0250859,0.000228627,192.227,1.91979,0.471553,0.248752,0.00195331
183000,33189,10052,7564,2.13613,0.00022872,0.48844,0.00347709,0.0262037,0.000228716,194.808,2.09048,0.562958,0.177378,0.00723131
184000,36771,11349,8229,2.13408,0.000229128,0.547693,0.00344098,0.0254965,0.000229125,196.82,2.00669,0.770254,0.100704,0.017269
185000,32023,9983,7196,2.1496,0.000229727,0.417513,0.00351197,0.019755,0.000229724,197.419,1.5769,0.673047,0.105612,0.0082753
186000,28233,8672,6377,2.13602,0.000230153,0.363278,0.0033276,0.0275361,0.000230149,195.646,1.76481,0.83413,0.17012,0.0105196
187000,35052,10753,7903,2.14467,0.000230712,0.538843,0.00370511,0.0256236,0.000230708,196.612,1.73425,0.693684,0.171802,0.00895812
188000,37383,11365,8522,2.15181,0.000231023,0.568025,0.00391251,0.0231316,0.00023102,197.324,1.76599,0.642244,0.0999652,0.0158093
189000,29891,9260,6687,2.1468,0.000231007,0.459887,0.00381634,0.0175203,0.000231003,197.665,1.71349,0.721187,0.109498,0.0023753
190000,32567,10071,7322,2.15127,0.000231019,0.507764,0.00405712,0.0227992,0.000231016,199.691,1.48116,0.784291,0.108085,0.00709307
191000,28870,8925,6453,2.14872,0.000231393,0.381708,0.00419775,0.0189807,0.000231389,200.987,1.49505,0.621683,0.0977139,0.00478005
192000,29029,8934,6549,2.16302,0.000231393,0.334305,0.00411321,0.0196956,0.000231389,201.055,1.49023,0.672741,0.0918047,0.00754418
193000,32721,10250,7338,2.15226,0.000231975,0.515876,0.00399468,0.0183408,0.000231971,204.623,1.56209,0.529568,0.13065,0.00140583
194000,28231,8725,6393,2.12257,0.000232706,0.36826,0.00425892,0.0265117,0.000232702,206.869,1.59406,0.564202,0.138217,0.0190925
195000,31856,9809,7120,2.13368,0.000232738,0.41454,0.00425228,0.019877,0.000232734,208.815,1.93847,0.580519,0.125848,0.00737695
196000,28513,8695,6461,2.12576,0.000233088,0.412447,0.00375188,0.0227901,0.000233084,209.245,1.90811,0.548241,0.110511,0.0167292
197000,27575,8512,6139,2.13419,0.000233255,0.449828,0.00343146,0.0262317,0.00023325,211.052,1.86705,0.655558,0.0838803,0.0225567
198000,31531,9903,7025,2.15082,0.000233544,0.401333,0.0034033,0.0223758,0.00023354,215.478,1.92534,0.731344,0.120009,0.00646982
199000,30610,9595,6889,2.14978,0.000233921,0.460129,0.00344253,0.0224813,0.000233917,217.503,2.02101,0.802287,0.109605,0.00927801
200000,25176,7758,5636,2.17306,0.000233895,0.376097,0.00354029,0.0264328,0.00023389,217.299,1.95007,0.772124,0.100493,0.0189863
201000,26083,8070,5934,2.15431,0.000234074,0.408948,0.00362564,0.0223933,0.000234069,219.897,1.6814,0.709888,0.108078,0.0117701
202000,33874,10433,7636,2.13249,0.000234269,0.439028,0.00376874,0.0188996,0.000234266,219.898,1.57909,0.767698,0.091309,0.00590423
203000,27849,8546,6204,2.13383,0.000234533,0.383658,0.00377076,0.0195645,0.000234529,218.81,1.64929,0.590075,0.140651,0.00445258
204000,35004,10727,7854,2.12545,0.000234786,0.452915,0.00408757,0.0226426,0.000234783,220.327,1.71032,0.688036,0.0885613,0.0167695
205000,29020,9136,6416,2.12622,0.000235148,0.450867,0.00440548,0.0237814,0.000235144,221.685,1.70979,0.776327,0.0986216,0.0158856
206000,33151,10327,7382,2.14473,0.000235072,0.589896,0.0046234,0.0233116,0.000235068,221.735,1.54288,0.824862,0.113028,0.0108292
207000,27298,8311,6183,2.14185,0.000235162,0.351374,0.00415506,0.0238163,0.000235157,222.374,1.57319,0.682065,0.140633,0.00901165
